n_robots prey          seed captured moves converged moves_converged runtime(s) -17s
#moves_per_second 4        still         1    1        5     1         0               0.5274     9.4813           
4        still         2    1        2     1         0               0.1867     10.7108          
4        still         3    1        8     1         0               0.8608     9.2939           
4        still         4    1        9     1         0               0.8388     10.7295          
4        still         5    1        8     1         0               0.8791     9.1006           
4        still         6    1        6     1         0               0.6747     8.8935           
4        still         7    1        2     1         0               0.2124     9.4179           
4        still         8    1        2     1         0               0.1760     11.3659          
4        still         9    1        2     1         0               0.1849     10.8191          
4        still         10   1        9     1         0               0.9322     9.6549           
4        still         11   1        8     1         0               0.8700     9.1956           
4        still         12   1        12    1         11              1.3124     9.1434           
4        still         13   1        11    1         11              1.1151     9.8649           
4        still         14   1        5     1         0               0.5178     9.6563           
4        still         15   1        5     1         0               0.4799     10.4178          
4        still         16   1        6     1         0               0.5676     10.5717          
4        still         17   1        6     1         0               0.5555     10.8010          
4        still         18   1        8     1         0               0.6747     11.8576          
4        still         19   1        8     1         11              0.7873     10.1609          
4        still         20   1        11    1         11              1.0873     10.1168          
4        still         21   1        8     1         0               0.8247     9.7002           
4        still         22   1        5     1         0               0.5042     9.9168           
4        still         23   1        8     1         0               0.8021     9.9742           
4        still         24   1        8     1         0               0.7726     10.3548          
4        still         25   1        6     1         0               0.6383     9.4007           
4        still         26   1        8     1         0               0.8581     9.3232           
4        still         27   1        5     1         0               0.4667     10.7126          
4        still         28   1        2     1         0               0.2060     9.7068           
4        still         29   1        7     1         0               0.7158     9.7795           
4        still         30   1        5     1         0               0.4841     10.3290          
4        still         31   1        8     1         0               0.7427     10.7708          
4        still         32   1        11    1         11              1.1140     9.8740           
4        still         33   1        11    1         11              1.1891     9.2507           
4        still         34   1        9     1         0               0.8933     10.0745          
4        still         35   1        7     1         0               0.7114     9.8398           
4        still         36   1        3     1         0               0.2884     10.4009          
4        still         37   1        6     1         0               0.5689     10.5461          
4        still         38   1        5     1         0               0.5134     9.7388           
4        still         39   1        3     1         0               0.3380     8.8745           
4        still         40   1        3     1         0               0.2839     10.5683          
4        still         41   1        8     1         0               0.7664     10.4383          
4        still         42   1        9     1         0               0.8870     10.1470          
4        still         43   1        7     1         0               0.6943     10.0820          
4        still         44   1        5     1         0               0.4975     10.0492          
4        still         45   1        2     1         0               0.1849     10.8185          
4        still         46   1        8     1         0               0.8758     9.1340           
4        still         47   1        4     1         0               0.4043     9.8930           
4        still         48   1        5     1         0               0.4904     10.1968          
4        still         49   1        7     1         0               0.7214     9.7032           
4        still         50   1        3     1         0               0.2952     10.1631          
4        still         51   1        5     1         0               0.4685     10.6730          
4        still         52   1        13    1         11              1.4342     9.0646           
4        still         53   1        2     1         0               0.2015     9.9267           
4        still         54   1        8     1         0               0.7591     10.5392          
4        still         55   1        11    1         11              1.2122     9.0747           
4        still         56   1        7     1         0               0.7202     9.7197           
4        still         57   1        9     1         0               0.8799     10.2283          
4        still         58   1        3     1         0               0.3049     9.8380           
4        still         59   1        11    1         11              1.2673     8.6799           
4        still         60   1        5     1         0               0.4844     10.3218          
4        still         61   1        4     1         0               0.3928     10.1835          
4        still         62   1        6     1         0               0.5977     10.0393          
4        still         63   1        2     1         0               0.2043     9.7889           
4        still         64   1        3     1         0               0.2860     10.4887          
4        still         65   1        6     1         0               0.5135     11.6851          
4        still         66   1        6     1         0               0.5896     10.1764          
4        still         67   1        8     1         0               0.7976     10.0306          
4        still         68   1        9     1         0               0.8585     10.4831          
4        still         69   1        9     1         0               0.9035     9.9610           
4        still         70   1        11    1         11              1.0299     10.6806          
4        still         71   1        9     1         0               0.8296     10.8482          
4        still         72   1        6     1         0               0.6785     8.8434           
4        still         73   1        5     1         0               0.4858     10.2924          
4        still         74   1        5     1         0               0.4692     10.6562          
4        still         75   1        6     1         0               0.5916     10.1420          
4        still         76   1        11    1         11              1.1479     9.5826           
4        still         77   1        8     1         0               0.8499     9.4128           
4        still         78   1        6     1         0               0.5470     10.9680          
4        still         79   1        5     1         0               0.5178     9.6569           
4        still         80   1        6     1         0               0.6021     9.9657           
4        still         81   1        11    1         11              1.1902     9.2422           
4        still         82   1        8     1         0               0.7528     10.6264          
4        still         83   1        6     1         0               0.6145     9.7643           
4        still         84   1        7     1         0               0.6715     10.4250          
4        still         85   1        2     1         0               0.2224     8.9938           
4        still         86   1        8     1         0               0.8403     9.5199           
4        still         87   1        7     1         0               0.6647     10.5310          
4        still         88   1        5     1         0               0.4472     11.1806          
4        still         89   1        2     1         0               0.2069     9.6685           
4        still         90   1        11    1         11              1.0993     10.0067          
4        still         91   1        5     1         0               0.4295     11.6417          
4        still         92   1        4     1         0               0.3761     10.6360          
4        still         93   1        4     1         0               0.3778     10.5883          
4        still         94   1        4     1         0               0.3915     10.2176          
4        still         95   1        7     1         0               0.7269     9.6296           
4        still         96   1        12    1         11              1.3239     9.0644           
4        still         97   1        11    1         11              1.0790     10.1944          
4        still         98   1        5     1         0               0.4972     10.0558          
4        still         99   1        2     1         0               0.1940     10.3095          
4        still         100  1        5     1         0               0.5065     9.8721           
4        random        1    1        7     1         11              0.6314     11.0856          
4        random        2    1        3     1         22              0.2895     10.3634          
4        random        3    1        12    1         22              1.4250     8.4211           
4        random        4    1        12    1         11              1.1165     10.7475          
4        random        5    1        15    1         33              1.7342     8.6498           
4        random        6    1        11    1         11              1.1849     9.2835           
4        random        7    1        2     1         11              0.1873     10.6765          
4        random        8    1        7     1         11              0.6313     11.0888          
4        random        9    1        8     1         0               0.7385     10.8333          
4        random        10   1        7     1         11              0.6636     10.5482          
4        random        11   1        5     1         0               0.5411     9.2397           
4        random        12   1        16    1         11              1.8087     8.8462           
4        random        13   1        14    1         22              1.5165     9.2318           
4        random        14   1        9     1         0               0.8438     10.6666          
4        random        15   1        5     1         11              0.4793     10.4312          
4        random        16   1        11    1         11              1.2408     8.8654           
4        random        17   1        6     1         0               0.5151     11.6478          
4        random        18   1        12    1         11              1.0659     11.2581          
4        random        19   1        8     1         0               0.7520     10.6383          
4        random        20   1        12    1         11              1.2511     9.5913           
4        random        21   1        11    1         33              1.2086     9.1015           
4        random        22   1        3     1         11              0.2907     10.3188          
4        random        23   1        5     1         0               0.5390     9.2769           
4        random        24   1        11    1         11              1.2548     8.7666           
4        random        25   1        12    1         22              1.6068     7.4683           
4        random        26   1        11    1         11              1.2243     8.9844           
4        random        27   1        7     1         0               0.7113     9.8411           
4        random        28   1        2     1         11              0.1802     11.0967          
4        random        29   1        8     1         22              0.8288     9.6526           
4        random        30   1        11    1         11              1.2660     8.6889           
4        random        31   1        11    1         11              1.1753     9.3596           
4        random        32   1        9     1         0               0.8656     10.3976          
4        random        33   1        11    1         11              1.1462     9.5969           
4        random        34   1        9     1         0               0.8598     10.4680          
4        random        35   1        9     1         0               0.9565     9.4092           
4        random        36   1        12    1         33              1.3269     9.0439           
4        random        37   1        5     1         0               0.5467     9.1461           
4        random        38   1        8     1         11              0.8753     9.1396           
4        random        39   1        5     1         0               0.5872     8.5156           
4        random        40   1        5     1         0               0.5365     9.3202           
4        random        41   1        16    1         11              1.6065     9.9594           
4        random        42   1        12    1         11              1.2873     9.3220           
4        random        43   1        5     1         11              0.4828     10.3555          
4        random        44   1        6     1         0               0.5869     10.2229          
4        random        45   1        9     1         0               0.9342     9.6339           
4        random        46   1        7     1         22              0.7250     9.6547           
4        random        47   1        4     1         11              0.4081     9.8022           
4        random        48   1        8     1         0               0.8449     9.4682           
4        random        49   1        9     1         0               0.9821     9.1644           
4        random        50   1        6     1         0               0.6183     9.7038           
4        random        51   1        8     1         0               0.8384     9.5418           
4        random        52   1        13    1         11              1.3859     9.3804           
4        random        53   1        2     1         11              0.2157     9.2703           
4        random        54   1        8     1         0               0.8149     9.8173           
4        random        55   1        15    1         11              1.5873     9.4497           
4        random        56   1        8     1         0               0.8606     9.2961           
4        random        57   1        6     1         11              0.5949     10.0866          
4        random        58   1        5     1         0               0.5477     9.1290           
4        random        59   1        11    1         11              1.1532     9.5387           
4        random        60   1        6     1         11              0.6020     9.9665           
4        random        61   1        8     1         33              0.7836     10.2099          
4        random        62   1        7     1         11              0.7338     9.5393           
4        random        63   1        8     1         11              0.9263     8.6363           
4        random        64   1        4     1         0               0.3899     10.2596          
4        random        65   1        7     1         11              0.7084     9.8817           
4        random        66   1        6     1         0               0.6364     9.4282           
4        random        67   1        11    1         11              1.1538     9.5337           
4        random        68   1        7     1         11              0.7498     9.3359           
4        random        69   1        11    1         11              1.2862     8.5522           
4        random        70   1        11    1         11              1.0463     10.5132          
4        random        71   1        11    1         11              1.0469     10.5070          
4        random        72   1        7     1         0               0.7404     9.4540           
4        random        73   1        5     1         0               0.5511     9.0734           
4        random        74   1        9     1         0               0.9549     9.4252           
4        random        75   1        9     1         0               0.9404     9.5707           
4        random        76   1        13    1         11              1.3747     9.4563           
4        random        77   1        9     1         0               0.9064     9.9291           
4        random        78   1        9     1         0               0.8603     10.4614          
4        random        79   1        6     1         11              0.6560     9.1459           
4        random        80   1        5     1         22              0.5156     9.6979           
4        random        81   1        12    1         22              1.3779     8.7089           
4        random        82   1        13    1         11              1.4093     9.2244           
4        random        83   1        6     1         0               0.6391     9.3888           
4        random        84   1        9     1         0               0.9058     9.9357           
4        random        85   1        2     1         0               0.2025     9.8746           
4        random        86   1        7     1         22              0.7255     9.6486           
4        random        87   1        7     1         11              0.6509     10.7546          
4        random        88   1        4     1         11              0.3886     10.2925          
4        random        89   1        11    1         11              1.2074     9.1107           
4        random        90   1        14    1         22              1.5151     9.2401           
4        random        91   1        6     1         0               0.5513     10.8835          
4        random        92   1        9     1         0               0.9267     9.7122           
4        random        93   1        3     1         11              0.2392     12.5427          
4        random        94   1        5     1         22              0.5254     9.5167           
4        random        95   1        12    1         11              1.3521     8.8749           
4        random        96   1        8     1         11              0.8135     9.8337           
4        random        97   1        11    1         11              1.0747     10.2356          
4        random        98   1        4     1         0               0.4299     9.3050           
4        random        99   1        9     1         0               1.0465     8.6003           
4        random        100  1        4     1         11              0.4419     9.0527           
4        linear        1    1        21    1         11              1.9452     10.7957          
4        linear        2    1        3     1         0               0.3138     9.5595           
4        linear        3    1        18    1         11              1.7532     10.2671          
4        linear        4    1        24    1         22              2.2546     10.6450          
4        linear        5    1        8     1         0               0.7750     10.3220          
4        linear        6    1        5     1         11              0.5102     9.8009           
4        linear        7    1        2     1         0               0.2108     9.4875           
4        linear        8    1        19    1         22              1.7599     10.7958          
4        linear        9    1        22    1         44              2.0892     10.5302          
4        linear        10   1        22    1         44              2.0968     10.4924          
4        linear        11   1        5     1         0               0.5126     9.7551           
4        linear        12   1        8     1         0               0.8196     9.7607           
4        linear        13   1        21    1         11              2.1219     9.8966           
4        linear        14   1        19    1         11              1.8713     10.1534          
4        linear        15   1        21    1         11              2.0965     10.0169          
4        linear        16   1        12    1         11              1.1673     10.2802          
4        linear        17   1        21    1         11              1.9285     10.8892          
4        linear        18   1        18    1         11              1.5483     11.6257          
4        linear        19   1        26    1         44              2.6679     9.7456           
4        linear        20   1        24    1         22              2.3049     10.4128          
4        linear        21   1        21    1         11              1.9511     10.7632          
4        linear        22   1        17    1         11              1.6176     10.5095          
4        linear        23   1        18    1         44              1.6780     10.7273          
4        linear        24   1        19    1         11              1.8478     10.2826          
4        linear        25   1        11    1         11              1.1311     9.7255           
4        linear        26   1        6     1         0               0.5953     10.0792          
4        linear        27   1        21    1         11              2.1055     9.9740           
4        linear        28   1        2     1         0               0.2119     9.4387           
4        linear        29   1        41    1         33              4.0976     10.0058          
4        linear        30   1        18    1         11              1.8233     9.8721           
4        linear        31   1        19    1         11              1.7970     10.5732          
4        linear        32   1        12    1         11              1.3482     8.9005           
4        linear        33   1        31    1         22              3.4859     8.8930           
4        linear        34   1        22    1         55              2.3175     9.4930           
4        linear        35   1        6     1         0               0.6243     9.6113           
4        linear        36   1        18    1         11              1.6840     10.6891          
4        linear        37   1        21    1         11              2.1976     9.5560           
4        linear        38   1        18    1         11              1.6097     11.1824          
4        linear        39   1        11    1         11              1.1517     9.5511           
4        linear        40   1        8     1         0               0.7983     10.0218          
4        linear        41   1        21    1         11              1.9991     10.5050          
4        linear        42   1        17    1         55              1.6342     10.4029          
4        linear        43   1        21    1         11              2.0670     10.1595          
4        linear        44   1        21    1         11              2.1504     9.7658           
4        linear        45   1        2     1         11              0.1955     10.2295          
4        linear        46   1        18    1         22              1.7956     10.0245          
4        linear        47   1        19    1         11              1.7988     10.5624          
4        linear        48   1        19    1         11              1.7605     10.7925          
4        linear        49   1        23    1         22              2.5279     9.0984           
4        linear        50   1        18    1         11              1.7715     10.1610          
4        linear        51   1        19    1         11              1.8366     10.3452          
4        linear        52   1        9     1         0               0.8925     10.0835          
4        linear        53   1        18    1         11              1.8351     9.8088           
4        linear        54   1        21    1         11              1.9393     10.8284          
4        linear        55   1        19    1         11              1.8110     10.4914          
4        linear        56   1        21    1         11              2.1401     9.8124           
4        linear        57   1        21    1         11              1.9394     10.8284          
4        linear        58   1        19    1         11              1.8311     10.3765          
4        linear        59   1        13    1         11              1.3722     9.4737           
4        linear        60   1        24    1         22              2.4878     9.6471           
4        linear        61   1        3     1         0               0.3381     8.8722           
4        linear        62   1        4     1         0               0.4118     9.7130           
4        linear        63   1        2     1         11              0.2183     9.1615           
4        linear        64   1        21    1         11              2.1006     9.9973           
4        linear        65   1        23    1         22              2.1182     10.8585          
4        linear        66   1        18    1         11              1.6740     10.7526          
4        linear        67   1        41    1         33              4.1136     9.9668           
4        linear        68   1        22    1         22              2.0592     10.6836          
4        linear        69   1        23    1         22              2.2250     10.3372          
4        linear        70   1        21    1         11              1.8494     11.3550          
4        linear        71   1        21    1         11              1.8539     11.3276          
4        linear        72   1        11    1         11              1.1768     9.3477           
4        linear        73   1        17    1         11              1.7246     9.8572           
4        linear        74   1        19    1         11              1.9046     9.9759           
4        linear        75   1        19    1         11              1.8445     10.3011          
4        linear        76   1        23    1         22              2.3356     9.8475           
4        linear        77   1        12    1         11              1.1976     10.0204          
4        linear        78   1        18    1         11              1.7248     10.4361          
4        linear        79   1        21    1         11              2.1194     9.9083           
4        linear        80   1        7     1         0               0.6770     10.3395          
4        linear        81   1        6     1         0               0.6274     9.5627           
4        linear        82   1        17    1         11              1.7075     9.9561           
4        linear        83   1        18    1         11              1.7175     10.4803          
4        linear        84   1        22    1         22              2.2639     9.7179           
4        linear        85   1        2     1         0               0.2200     9.0924           
4        linear        86   1        18    1         11              1.6582     10.8550          
4        linear        87   1        19    1         11              1.7500     10.8573          
4        linear        88   1        18    1         22              1.7717     10.1597          
4        linear        89   1        2     1         0               0.2099     9.5271           
4        linear        90   1        22    1         22              2.2290     9.8697           
4        linear        91   1        23    1         22              2.0847     11.0329          
4        linear        92   1        18    1         11              1.6714     10.7695          
4        linear        93   1        17    1         11              1.5565     10.9222          
4        linear        94   1        17    1         11              1.6919     10.0478          
4        linear        95   1        5     1         0               0.4911     10.1822          
4        linear        96   1        51    1         44              5.0284     10.1425          
4        linear        97   1        22    1         55              2.0062     10.9660          
4        linear        98   1        19    1         11              1.8122     10.4847          
4        linear        99   1        2     1         0               0.2720     7.3536           
4        linear        100  1        4     1         0               0.4162     9.6116           
4        linear\_smart 1    1        21    1         11              2.0078     10.4592          
4        linear\_smart 2    1        3     1         11              0.3330     9.0086           
4        linear\_smart 3    1        18    1         11              1.8030     9.9832           
4        linear\_smart 4    1        24    1         44              2.2583     10.6272          
4        linear\_smart 5    1        8     1         0               0.7643     10.4676          
4        linear\_smart 6    1        5     1         11              0.5018     9.9644           
4        linear\_smart 7    1        2     1         11              0.1949     10.2641          
4        linear\_smart 8    1        19    1         22              1.7568     10.8154          
4        linear\_smart 9    1        22    1         44              2.1023     10.4646          
4        linear\_smart 10   1        22    1         44              2.1001     10.4755          
4        linear\_smart 11   1        5     1         0               0.4876     10.2553          
4        linear\_smart 12   1        8     1         0               0.7945     10.0691          
4        linear\_smart 13   1        21    1         11              2.1247     9.8840           
4        linear\_smart 14   1        19    1         11              1.8856     10.0762          
4        linear\_smart 15   1        21    1         11              2.1168     9.9204           
4        linear\_smart 16   1        12    1         11              1.1719     10.2394          
4        linear\_smart 17   1        21    1         11              1.8970     11.0700          
4        linear\_smart 18   1        18    1         22              1.5415     11.6768          
4        linear\_smart 19   1        26    1         44              2.6660     9.7525           
4        linear\_smart 20   1        24    1         22              2.3146     10.3692          
4        linear\_smart 21   1        21    1         11              1.9531     10.7521          
4        linear\_smart 22   1        17    1         11              1.6213     10.4851          
4        linear\_smart 23   1        18    1         44              1.6743     10.7510          
4        linear\_smart 24   1        19    1         11              1.8785     10.1142          
4        linear\_smart 25   1        11    1         11              1.1208     9.8144           
4        linear\_smart 26   1        6     1         55              0.5934     10.1104          
4        linear\_smart 27   1        21    1         11              2.1051     9.9758           
4        linear\_smart 28   1        2     1         0               0.1907     10.4896          
4        linear\_smart 29   1        41    1         33              4.0529     10.1162          
4        linear\_smart 30   1        18    1         11              1.8171     9.9059           
4        linear\_smart 31   1        19    1         11              1.7525     10.8416          
4        linear\_smart 32   1        12    1         77              1.2112     9.9077           
4        linear\_smart 33   1        31    1         22              3.0811     10.0613          
4        linear\_smart 34   1        22    1         154             2.3806     9.2413           
4        linear\_smart 35   1        6     1         11              0.5840     10.2733          
4        linear\_smart 36   1        18    1         11              1.6725     10.7626          
4        linear\_smart 37   1        21    1         11              2.1874     9.6006           
4        linear\_smart 38   1        18    1         11              1.5952     11.2841          
4        linear\_smart 39   1        12    1         110             1.2105     9.9131           
4        linear\_smart 40   1        8     1         0               0.7982     10.0220          
4        linear\_smart 41   1        21    1         11              1.9832     10.5889          
4        linear\_smart 42   1        17    1         55              1.6101     10.5581          
4        linear\_smart 43   1        21    1         11              2.0770     10.1105          
4        linear\_smart 44   1        21    1         11              2.1216     9.8984           
4        linear\_smart 45   1        2     1         11              0.1735     11.5301          
4        linear\_smart 46   1        18    1         154             1.7929     10.0398          
4        linear\_smart 47   1        19    1         11              1.8084     10.5068          
4        linear\_smart 48   1        19    1         11              1.7719     10.7227          
4        linear\_smart 49   1        23    1         33              2.4950     9.2186           
4        linear\_smart 50   1        18    1         11              1.7626     10.2122          
4        linear\_smart 51   1        19    1         22              1.8704     10.1582          
4        linear\_smart 52   1        9     1         0               0.8868     10.1493          
4        linear\_smart 53   1        18    1         11              1.8195     9.8930           
4        linear\_smart 54   1        21    1         11              1.9334     10.8617          
4        linear\_smart 55   1        19    1         11              1.8170     10.4565          
4        linear\_smart 56   1        21    1         11              2.1207     9.9023           
4        linear\_smart 57   1        21    1         11              1.9699     10.6606          
4        linear\_smart 58   1        19    1         11              1.7910     10.6088          
4        linear\_smart 59   1        13    1         11              1.3593     9.5639           
4        linear\_smart 60   1        24    1         22              2.4753     9.6959           
4        linear\_smart 61   1        3     1         11              0.2986     10.0461          
4        linear\_smart 62   1        4     1         11              0.3906     10.2414          
4        linear\_smart 63   1        2     1         66              0.2191     9.1301           
4        linear\_smart 64   1        21    1         11              2.1372     9.8258           
4        linear\_smart 65   1        23    1         22              2.1209     10.8444          
4        linear\_smart 66   1        18    1         11              1.6758     10.7411          
4        linear\_smart 67   1        41    1         33              4.1564     9.8644           
4        linear\_smart 68   1        22    1         22              2.0595     10.6820          
4        linear\_smart 69   1        23    1         55              2.2338     10.2965          
4        linear\_smart 70   1        21    1         11              1.8236     11.5154          
4        linear\_smart 71   1        21    1         11              1.8229     11.5202          
4        linear\_smart 72   1        12    1         11              1.2392     9.6835           
4        linear\_smart 73   1        17    1         11              1.7086     9.9499           
4        linear\_smart 74   1        19    1         143             1.8829     10.0906          
4        linear\_smart 75   1        19    1         11              1.8390     10.3319          
4        linear\_smart 76   1        23    1         22              2.3459     9.8042           
4        linear\_smart 77   1        12    1         11              1.2036     9.9697           
4        linear\_smart 78   1        18    1         22              1.7026     10.5721          
4        linear\_smart 79   1        21    1         11              2.1200     9.9058           
4        linear\_smart 80   1        7     1         0               0.6608     10.5936          
4        linear\_smart 81   1        6     1         0               0.6330     9.4793           
4        linear\_smart 82   1        17    1         11              1.7004     9.9977           
4        linear\_smart 83   1        18    1         11              1.7304     10.4023          
4        linear\_smart 84   1        22    1         44              2.2837     9.6336           
4        linear\_smart 85   1        2     1         0               0.2374     8.4258           
4        linear\_smart 86   1        18    1         11              1.6511     10.9021          
4        linear\_smart 87   1        19    1         11              1.6998     11.1775          
4        linear\_smart 88   1        18    1         22              1.7902     10.0548          
4        linear\_smart 89   1        2     1         0               0.2205     9.0697           
4        linear\_smart 90   1        22    1         121             2.2636     9.7192           
4        linear\_smart 91   1        23    1         22              2.1586     10.6548          
4        linear\_smart 92   1        18    1         11              1.7490     10.2916          
4        linear\_smart 93   1        17    1         11              1.5074     11.2774          
4        linear\_smart 94   1        17    1         11              1.6996     10.0021          
4        linear\_smart 95   1        5     1         11              0.4877     10.2515          
4        linear\_smart 96   1        51    1         44              4.8641     10.4850          
4        linear\_smart 97   1        22    1         55              2.0152     10.9170          
4        linear\_smart 98   1        19    1         11              1.7409     10.9139          
4        linear\_smart 99   1        2     1         0               0.2040     9.8052           
4        linear\_smart 100  1        4     1         0               0.4089     9.7820           
8        still         1    1        2     1         0               0.3887     5.1459           
8        still         2    1        2     1         0               0.4172     4.7939           
8        still         3    1        2     1         0               0.3814     5.2444           
8        still         4    1        3     1         0               0.6069     4.9435           
8        still         5    1        2     1         0               0.3876     5.1596           
8        still         6    1        3     1         0               0.5706     5.2573           
8        still         7    1        6     1         0               1.1509     5.2132           
8        still         8    1        2     1         0               0.4274     4.6792           
8        still         9    1        4     1         0               0.8172     4.8945           
8        still         10   1        6     1         0               1.1333     5.2943           
8        still         11   1        4     1         0               0.8061     4.9624           
8        still         12   1        4     1         0               0.7982     5.0114           
8        still         13   1        4     1         0               0.7975     5.0156           
8        still         14   1        5     1         0               1.0808     4.6261           
8        still         15   1        6     1         0               1.1245     5.3359           
8        still         16   1        2     1         0               0.3834     5.2161           
8        still         17   1        4     1         0               0.8206     4.8746           
8        still         18   1        7     1         0               1.3924     5.0273           
8        still         19   1        4     1         0               0.8668     4.6148           
8        still         20   1        8     1         0               1.5767     5.0738           
8        still         21   1        7     1         0               1.4197     4.9307           
8        still         22   1        8     1         0               1.6725     4.7832           
8        still         23   1        4     1         0               0.7560     5.2912           
8        still         24   1        7     1         0               1.4413     4.8568           
8        still         25   1        2     1         0               0.3953     5.0600           
8        still         26   1        5     1         0               1.0524     4.7510           
8        still         27   1        8     1         0               1.4895     5.3709           
8        still         28   1        11    1         11              2.2955     4.7919           
8        still         29   1        2     1         0               0.3971     5.0364           
8        still         30   1        5     1         0               1.0370     4.8217           
8        still         31   1        11    1         11              2.3455     4.6899           
8        still         32   1        3     1         0               0.6149     4.8791           
8        still         33   1        2     1         0               0.3938     5.0792           
8        still         34   1        6     1         0               1.1579     5.1819           
8        still         35   1        5     1         0               1.0217     4.8939           
8        still         36   1        7     1         0               1.4305     4.8935           
8        still         37   1        4     1         0               0.7876     5.0784           
8        still         38   1        3     1         0               0.6228     4.8167           
8        still         39   1        2     1         0               0.4404     4.5410           
8        still         40   1        7     1         0               1.3941     5.0212           
8        still         41   1        5     1         0               0.9916     5.0422           
8        still         42   1        3     1         0               0.6381     4.7013           
8        still         43   1        7     1         0               1.4285     4.9002           
8        still         44   1        4     1         0               0.8551     4.6776           
8        still         45   1        2     1         0               0.3822     5.2335           
8        still         46   1        5     1         0               0.9689     5.1604           
8        still         47   1        5     1         0               0.9968     5.0160           
8        still         48   1        3     1         0               0.6061     4.9496           
8        still         49   1        8     1         0               1.5759     5.0765           
8        still         50   1        4     1         0               0.8208     4.8736           
8        still         51   1        6     1         0               1.1797     5.0859           
8        still         52   1        5     1         0               0.9747     5.1299           
8        still         53   1        4     1         0               0.8137     4.9158           
8        still         54   1        2     1         0               0.3731     5.3609           
8        still         55   1        6     1         0               1.1969     5.0128           
8        still         56   1        2     1         0               0.3562     5.6150           
8        still         57   1        3     1         0               0.6491     4.6216           
8        still         58   1        7     1         0               1.5080     4.6420           
8        still         59   1        3     1         0               0.6123     4.8996           
8        still         60   1        4     1         0               0.8003     4.9982           
8        still         61   1        2     1         0               0.3942     5.0733           
8        still         62   1        7     1         0               1.4035     4.9875           
8        still         63   1        2     1         0               0.4328     4.6215           
8        still         64   1        2     1         0               0.4553     4.3923           
8        still         65   1        6     1         0               1.2027     4.9889           
8        still         66   1        8     1         0               1.5920     5.0252           
8        still         67   1        5     1         0               1.0342     4.8345           
8        still         68   1        6     1         0               1.1467     5.2325           
8        still         69   1        7     1         0               1.3725     5.1003           
8        still         70   1        3     1         0               0.5924     5.0640           
8        still         71   1        9     1         0               1.7500     5.1430           
8        still         72   1        2     1         0               0.4236     4.7218           
8        still         73   1        2     1         0               0.4039     4.9515           
8        still         74   1        6     1         0               1.1941     5.0248           
8        still         75   1        3     1         0               0.5856     5.1228           
8        still         76   1        9     1         0               1.7371     5.1812           
8        still         77   1        5     1         0               1.1121     4.4961           
8        still         78   1        6     1         0               1.1358     5.2825           
8        still         79   1        7     1         0               1.3731     5.0981           
8        still         80   1        7     1         0               1.4426     4.8523           
8        still         81   1        2     1         0               0.4123     4.8510           
8        still         82   1        4     1         0               0.7978     5.0140           
8        still         83   1        3     1         0               0.6361     4.7162           
8        still         84   1        5     1         0               0.9802     5.1010           
8        still         85   1        4     1         0               0.8632     4.6339           
8        still         86   1        9     1         0               1.7740     5.0734           
8        still         87   1        2     1         0               0.3828     5.2243           
8        still         88   1        2     1         0               0.4008     4.9906           
8        still         89   1        2     1         0               0.3932     5.0863           
8        still         90   1        5     1         0               0.9325     5.3620           
8        still         91   1        6     1         0               1.2437     4.8245           
8        still         92   1        6     1         0               1.1265     5.3264           
8        still         93   1        5     1         0               0.9585     5.2163           
8        still         94   1        4     1         0               0.8725     4.5847           
8        still         95   1        2     1         0               0.3560     5.6173           
8        still         96   1        2     1         0               0.3915     5.1087           
8        still         97   1        6     1         0               1.1633     5.1576           
8        still         98   1        5     1         0               1.0050     4.9753           
8        still         99   1        2     1         0               0.3797     5.2678           
8        still         100  1        9     1         0               1.8166     4.9542           
8        random        1    1        2     1         11              0.3856     5.1864           
8        random        2    1        3     1         0               0.6438     4.6599           
8        random        3    1        2     1         0               0.3724     5.3709           
8        random        4    1        5     1         0               0.9410     5.3137           
8        random        5    1        2     1         0               0.4031     4.9616           
8        random        6    1        6     1         0               1.2283     4.8849           
8        random        7    1        5     1         0               0.9743     5.1319           
8        random        8    1        2     1         0               0.4225     4.7333           
8        random        9    1        6     1         0               1.2474     4.8101           
8        random        10   1        6     1         11              1.1145     5.3837           
8        random        11   1        3     1         11              0.6254     4.7966           
8        random        12   1        7     1         11              1.4134     4.9527           
8        random        13   1        7     1         11              1.3834     5.0598           
8        random        14   1        5     1         11              1.0462     4.7792           
8        random        15   1        9     1         0               1.7682     5.0900           
8        random        16   1        6     1         22              1.1907     5.0392           
8        random        17   1        8     1         0               1.6704     4.7892           
8        random        18   1        7     1         11              1.3316     5.2570           
8        random        19   1        5     1         0               1.0309     4.8503           
8        random        20   1        9     1         0               1.8409     4.8889           
8        random        21   1        12    1         11              2.4576     4.8827           
8        random        22   1        11    1         11              2.4035     4.5766           
8        random        23   1        8     1         0               1.5444     5.1800           
8        random        24   1        9     1         0               1.8277     4.9241           
8        random        25   1        2     1         0               0.3904     5.1226           
8        random        26   1        8     1         0               1.7214     4.6474           
8        random        27   1        7     1         0               1.3652     5.1276           
8        random        28   1        12    1         11              2.5579     4.6914           
8        random        29   1        3     1         0               0.5915     5.0715           
8        random        30   1        5     1         11              1.0330     4.8402           
8        random        31   1        11    1         11              2.3474     4.6861           
8        random        32   1        4     1         0               0.7680     5.2084           
8        random        33   1        5     1         0               0.9950     5.0251           
8        random        34   1        11    1         11              2.3438     4.6933           
8        random        35   1        6     1         0               1.1667     5.1428           
8        random        36   1        8     1         0               1.6861     4.7448           
8        random        37   1        5     1         0               0.9679     5.1660           
8        random        38   1        4     1         11              0.8558     4.6740           
8        random        39   1        2     1         0               0.4199     4.7635           
8        random        40   1        11    1         11              2.2857     4.8125           
8        random        41   1        6     1         0               1.1894     5.0447           
8        random        42   1        4     1         11              0.8006     4.9963           
8        random        43   1        7     1         0               1.4306     4.8930           
8        random        44   1        7     1         0               1.4820     4.7235           
8        random        45   1        6     1         0               1.2407     4.8360           
8        random        46   1        4     1         11              0.8126     4.9226           
8        random        47   1        8     1         0               1.6020     4.9938           
8        random        48   1        7     1         0               1.5682     4.4636           
8        random        49   1        6     1         0               1.1220     5.3478           
8        random        50   1        4     1         0               0.8970     4.4594           
8        random        51   1        7     1         0               1.3726     5.0998           
8        random        52   1        6     1         0               1.1998     5.0007           
8        random        53   1        8     1         0               1.6808     4.7596           
8        random        54   1        2     1         0               0.3746     5.3389           
8        random        55   1        11    1         11              2.3194     4.7425           
8        random        56   1        3     1         0               0.6061     4.9497           
8        random        57   1        4     1         11              0.8121     4.9254           
8        random        58   1        6     1         0               1.1985     5.0063           
8        random        59   1        5     1         11              0.9996     5.0018           
8        random        60   1        5     1         0               1.0118     4.9415           
8        random        61   1        4     1         0               0.7780     5.1414           
8        random        62   1        7     1         0               1.3815     5.0669           
8        random        63   1        2     1         0               0.4270     4.6842           
8        random        64   1        2     1         0               0.4409     4.5359           
8        random        65   1        6     1         0               1.1845     5.0653           
8        random        66   1        12    1         11              2.6500     4.5283           
8        random        67   1        9     1         0               1.8942     4.7513           
8        random        68   1        7     1         0               1.3772     5.0827           
8        random        69   1        7     1         0               1.4351     4.8776           
8        random        70   1        9     1         0               1.8717     4.8085           
8        random        71   1        14    1         11              2.9974     4.6707           
8        random        72   1        2     1         0               0.3825     5.2290           
8        random        73   1        3     1         0               0.6706     4.4737           
8        random        74   1        6     1         11              1.2292     4.8812           
8        random        75   1        4     1         0               0.7689     5.2024           
8        random        76   1        11    1         11              2.3551     4.6707           
8        random        77   1        6     1         0               1.3158     4.5599           
8        random        78   1        7     1         11              1.3533     5.1725           
8        random        79   1        7     1         0               1.4799     4.7302           
8        random        80   1        9     1         0               1.8099     4.9726           
8        random        81   1        2     1         0               0.3934     5.0843           
8        random        82   1        6     1         11              1.1608     5.1689           
8        random        83   1        6     1         0               1.2482     4.8068           
8        random        84   1        9     1         0               1.8299     4.9184           
8        random        85   1        3     1         0               0.6251     4.7993           
8        random        86   1        11    1         22              2.3995     4.5842           
8        random        87   1        6     1         0               1.2115     4.9526           
8        random        88   1        2     1         0               0.3527     5.6704           
8        random        89   1        3     1         11              0.6091     4.9256           
8        random        90   1        6     1         0               1.3062     4.5935           
8        random        91   1        4     1         0               0.8054     4.9666           
8        random        92   1        6     1         0               1.2251     4.8975           
8        random        93   1        5     1         0               1.0036     4.9822           
8        random        94   1        5     1         0               1.0672     4.6852           
8        random        95   1        2     1         22              0.3756     5.3243           
8        random        96   1        5     1         0               0.9882     5.0595           
8        random        97   1        6     1         11              1.1420     5.2538           
8        random        98   1        9     1         0               1.8723     4.8068           
8        random        99   1        2     1         22              0.3643     5.4897           
8        random        100  1        7     1         0               1.3687     5.1143           
8        linear        1    1        11    1         11              2.2287     4.9355           
8        linear        2    1        19    1         11              3.8898     4.8846           
8        linear        3    1        7     1         0               1.4000     4.9999           
8        linear        4    1        17    1         11              3.4201     4.9706           
8        linear        5    1        21    1         11              4.4832     4.6842           
8        linear        6    1        7     1         0               1.3651     5.1278           
8        linear        7    1        4     1         0               0.7676     5.2111           
8        linear        8    1        8     1         0               1.5900     5.0313           
8        linear        9    1        19    1         11              3.9447     4.8165           
8        linear        10   1        5     1         0               0.9405     5.3161           
8        linear        11   1        3     1         0               0.6605     4.5418           
8        linear        12   1        3     1         0               0.6382     4.7011           
8        linear        13   1        18    1         22              3.8605     4.6626           
8        linear        14   1        3     1         11              0.6262     4.7911           
8        linear        15   1        6     1         0               1.1806     5.0822           
8        linear        16   1        2     1         0               0.3929     5.0909           
8        linear        17   1        4     1         0               0.8103     4.9366           
8        linear        18   1        11    1         11              2.3070     4.7681           
8        linear        19   1        5     1         0               1.0535     4.7462           
8        linear        20   1        8     1         0               1.5877     5.0388           
8        linear        21   1        6     1         0               1.1263     5.3273           
8        linear        22   1        7     1         11              1.2697     5.5131           
8        linear        23   1        11    1         11              2.2234     4.9475           
8        linear        24   1        6     1         0               1.2225     4.9081           
8        linear        25   1        2     1         22              0.3594     5.5643           
8        linear        26   1        6     1         0               1.1847     5.0648           
8        linear        27   1        5     1         0               0.9599     5.2089           
8        linear        28   1        8     1         0               1.5681     5.1017           
8        linear        29   1        7     1         0               1.4814     4.7251           
8        linear        30   1        5     1         11              0.9919     5.0410           
8        linear        31   1        11    1         11              2.2868     4.8102           
8        linear        32   1        17    1         11              3.1913     5.3270           
8        linear        33   1        2     1         0               0.3847     5.1995           
8        linear        34   1        4     1         0               0.7747     5.1635           
8        linear        35   1        4     1         0               0.7897     5.0651           
8        linear        36   1        7     1         11              1.3943     5.0204           
8        linear        37   1        18    1         11              3.6241     4.9667           
8        linear        38   1        3     1         0               0.6088     4.9279           
8        linear        39   1        2     1         0               0.4405     4.5408           
8        linear        40   1        12    1         11              2.4346     4.9289           
8        linear        41   1        19    1         11              3.7448     5.0737           
8        linear        42   1        4     1         0               0.8060     4.9626           
8        linear        43   1        5     1         0               1.0014     4.9928           
8        linear        44   1        4     1         0               0.8484     4.7146           
8        linear        45   1        6     1         0               1.2613     4.7569           
8        linear        46   1        8     1         0               1.6044     4.9862           
8        linear        47   1        5     1         0               1.0056     4.9723           
8        linear        48   1        7     1         0               1.3850     5.0543           
8        linear        49   1        5     1         0               0.9187     5.4428           
8        linear        50   1        12    1         11              2.4670     4.8643           
8        linear        51   1        6     1         0               1.1387     5.2691           
8        linear        52   1        8     1         0               1.5448     5.1785           
8        linear        53   1        7     1         0               1.3923     5.0278           
8        linear        54   1        4     1         0               0.7954     5.0291           
8        linear        55   1        7     1         0               1.4561     4.8075           
8        linear        56   1        2     1         0               0.3593     5.5664           
8        linear        57   1        3     1         0               0.6403     4.6854           
8        linear        58   1        6     1         0               1.2252     4.8971           
8        linear        59   1        6     1         11              1.1459     5.2362           
8        linear        60   1        5     1         0               1.0150     4.9263           
8        linear        61   1        3     1         0               0.6360     4.7172           
8        linear        62   1        22    1         22              4.6375     4.7439           
8        linear        63   1        3     1         11              0.6983     4.2962           
8        linear        64   1        2     1         0               0.4565     4.3811           
8        linear        65   1        4     1         0               0.8599     4.6515           
8        linear        66   1        19    1         22              3.8834     4.8926           
8        linear        67   1        5     1         0               1.0327     4.8416           
8        linear        68   1        6     1         0               1.0854     5.5279           
8        linear        69   1        6     1         0               1.1807     5.0818           
8        linear        70   1        8     1         0               1.5529     5.1517           
8        linear        71   1        9     1         0               1.7933     5.0187           
8        linear        72   1        2     1         0               0.4203     4.7583           
8        linear        73   1        3     1         0               0.6232     4.8142           
8        linear        74   1        6     1         0               1.2104     4.9570           
8        linear        75   1        4     1         0               0.7940     5.0377           
8        linear        76   1        8     1         0               1.6217     4.9332           
8        linear        77   1        5     1         0               1.0158     4.9224           
8        linear        78   1        4     1         0               0.7465     5.3580           
8        linear        79   1        4     1         0               0.7822     5.1139           
8        linear        80   1        7     1         0               1.4060     4.9787           
8        linear        81   1        2     1         11              0.4118     4.8565           
8        linear        82   1        4     1         0               0.7881     5.0754           
8        linear        83   1        3     1         11              0.6102     4.9166           
8        linear        84   1        3     1         0               0.5450     5.5043           
8        linear        85   1        3     1         0               0.6306     4.7572           
8        linear        86   1        21    1         11              4.4988     4.6679           
8        linear        87   1        18    1         11              3.9541     4.5522           
8        linear        88   1        2     1         0               0.4093     4.8861           
8        linear        89   1        18    1         22              3.5652     5.0488           
8        linear        90   1        18    1         11              3.7886     4.7511           
8        linear        91   1        5     1         0               1.0256     4.8752           
8        linear        92   1        6     1         11              1.1810     5.0805           
8        linear        93   1        18    1         11              3.6255     4.9648           
8        linear        94   1        6     1         0               1.2223     4.9087           
8        linear        95   1        23    1         22              4.8134     4.7783           
8        linear        96   1        2     1         0               0.3934     5.0841           
8        linear        97   1        19    1         11              3.9258     4.8398           
8        linear        98   1        8     1         0               1.5924     5.0238           
8        linear        99   1        2     1         0               0.3662     5.4617           
8        linear        100  1        7     1         0               1.3678     5.1177           
8        linear\_smart 1    1        12    1         11              2.3931     5.0144           
8        linear\_smart 2    1        19    1         22              3.9259     4.8397           
8        linear\_smart 3    1        7     1         0               1.4004     4.9986           
8        linear\_smart 4    1        17    1         22              3.4636     4.9082           
8        linear\_smart 5    1        21    1         11              4.4053     4.7669           
8        linear\_smart 6    1        7     1         0               1.3755     5.0891           
8        linear\_smart 7    1        4     1         0               0.7787     5.1368           
8        linear\_smart 8    1        8     1         0               1.5854     5.0461           
8        linear\_smart 9    1        19    1         11              3.9428     4.8188           
8        linear\_smart 10   1        5     1         0               0.9424     5.3053           
8        linear\_smart 11   1        3     1         22              0.6452     4.6500           
8        linear\_smart 12   1        3     1         0               0.6330     4.7397           
8        linear\_smart 13   1        18    1         22              3.8171     4.7156           
8        linear\_smart 14   1        3     1         22              0.6401     4.6871           
8        linear\_smart 15   1        6     1         0               1.1940     5.0250           
8        linear\_smart 16   1        2     1         0               0.3937     5.0798           
8        linear\_smart 17   1        4     1         0               0.7823     5.1130           
8        linear\_smart 18   1        12    1         44              2.4312     4.9359           
8        linear\_smart 19   1        5     1         0               1.0708     4.6695           
8        linear\_smart 20   1        8     1         0               1.5883     5.0370           
8        linear\_smart 21   1        6     1         0               1.1284     5.3174           
8        linear\_smart 22   1        7     1         11              1.2776     5.4792           
8        linear\_smart 23   1        13    1         11              2.5675     5.0633           
8        linear\_smart 24   1        6     1         0               1.2267     4.8911           
8        linear\_smart 25   1        2     1         22              0.3567     5.6075           
8        linear\_smart 26   1        6     1         0               1.2531     4.7881           
8        linear\_smart 27   1        5     1         0               0.9527     5.2481           
8        linear\_smart 28   1        8     1         0               1.5872     5.0402           
8        linear\_smart 29   1        7     1         0               1.4360     4.8748           
8        linear\_smart 30   1        5     1         11              0.9856     5.0729           
8        linear\_smart 31   1        11    1         11              2.3070     4.7682           
8        linear\_smart 32   1        17    1         11              3.1700     5.3629           
8        linear\_smart 33   1        2     1         0               0.3785     5.2833           
8        linear\_smart 34   1        4     1         0               0.7610     5.2564           
8        linear\_smart 35   1        4     1         0               0.7828     5.1098           
8        linear\_smart 36   1        7     1         11              1.3806     5.0703           
8        linear\_smart 37   1        18    1         44              3.5821     5.0250           
8        linear\_smart 38   1        3     1         0               0.5933     5.0561           
8        linear\_smart 39   1        2     1         22              0.4574     4.3724           
8        linear\_smart 40   1        12    1         11              2.4392     4.9196           
8        linear\_smart 41   1        19    1         11              3.7144     5.1152           
8        linear\_smart 42   1        4     1         0               0.7891     5.0688           
8        linear\_smart 43   1        5     1         0               1.0317     4.8465           
8        linear\_smart 44   1        4     1         11              0.8401     4.7614           
8        linear\_smart 45   1        6     1         0               1.3029     4.6050           
8        linear\_smart 46   1        8     1         0               1.5939     5.0190           
8        linear\_smart 47   1        5     1         0               1.0099     4.9510           
8        linear\_smart 48   1        7     1         0               1.3537     5.1709           
8        linear\_smart 49   1        5     1         0               0.9163     5.4569           
8        linear\_smart 50   1        12    1         11              2.4475     4.9030           
8        linear\_smart 51   1        6     1         0               1.1455     5.2378           
8        linear\_smart 52   1        8     1         11              1.5090     5.3015           
8        linear\_smart 53   1        7     1         0               1.3869     5.0473           
8        linear\_smart 54   1        4     1         0               0.7921     5.0500           
8        linear\_smart 55   1        7     1         0               1.4727     4.7532           
8        linear\_smart 56   1        2     1         0               0.3673     5.4448           
8        linear\_smart 57   1        3     1         0               0.6483     4.6273           
8        linear\_smart 58   1        6     1         11              1.2292     4.8813           
8        linear\_smart 59   1        6     1         11              1.1508     5.2139           
8        linear\_smart 60   1        5     1         0               0.9991     5.0045           
8        linear\_smart 61   1        3     1         0               0.6335     4.7355           
8        linear\_smart 62   1        22    1         22              4.6285     4.7532           
8        linear\_smart 63   1        3     1         11              0.7560     3.9681           
8        linear\_smart 64   1        2     1         0               0.4601     4.3468           
8        linear\_smart 65   1        4     1         0               0.8250     4.8486           
8        linear\_smart 66   1        19    1         22              3.9654     4.7915           
8        linear\_smart 67   1        5     1         0               1.0297     4.8559           
8        linear\_smart 68   1        6     1         11              1.0882     5.5139           
8        linear\_smart 69   1        6     1         11              1.1756     5.1040           
8        linear\_smart 70   1        8     1         0               1.5354     5.2105           
8        linear\_smart 71   1        9     1         0               1.7896     5.0290           
8        linear\_smart 72   1        2     1         0               0.4120     4.8544           
8        linear\_smart 73   1        3     1         0               0.6253     4.7976           
8        linear\_smart 74   1        6     1         0               1.2054     4.9777           
8        linear\_smart 75   1        4     1         0               0.8007     4.9959           
8        linear\_smart 76   1        8     1         0               1.6191     4.9411           
8        linear\_smart 77   1        5     1         0               1.0268     4.8697           
8        linear\_smart 78   1        4     1         11              0.7529     5.3130           
8        linear\_smart 79   1        4     1         0               0.7457     5.3643           
8        linear\_smart 80   1        7     1         0               1.3943     5.0203           
8        linear\_smart 81   1        2     1         11              0.4065     4.9197           
8        linear\_smart 82   1        4     1         0               0.7944     5.0351           
8        linear\_smart 83   1        3     1         11              0.5721     5.2440           
8        linear\_smart 84   1        3     1         0               0.5576     5.3800           
8        linear\_smart 85   1        3     1         11              0.6082     4.9325           
8        linear\_smart 86   1        21    1         11              4.5078     4.6586           
8        linear\_smart 87   1        18    1         11              3.9566     4.5494           
8        linear\_smart 88   1        2     1         11              0.3700     5.4056           
8        linear\_smart 89   1        18    1         22              3.5595     5.0569           
8        linear\_smart 90   1        18    1         11              3.7667     4.7787           
8        linear\_smart 91   1        5     1         0               1.0257     4.8748           
8        linear\_smart 92   1        6     1         11              1.1851     5.0630           
8        linear\_smart 93   1        18    1         11              3.6442     4.9393           
8        linear\_smart 94   1        6     1         0               1.2297     4.8792           
8        linear\_smart 95   1        23    1         44              4.8024     4.7892           
8        linear\_smart 96   1        2     1         0               0.3728     5.3650           
8        linear\_smart 97   1        19    1         11              3.9137     4.8547           
8        linear\_smart 98   1        8     1         11              1.5873     5.0399           
8        linear\_smart 99   1        2     1         0               0.3649     5.4816           
8        linear\_smart 100  1        7     1         0               1.3776     5.0813           
