n_robots prey          seed captured moves converged moves_converged runtime(s) -17s
#moves_per_second 4        still         1    1        41    1         33              3.9347     10.4200          
4        still         2    1        11    1         11              1.0427     10.5492          
4        still         3    1        41    1         33              4.0631     10.0908          
4        still         4    1        39    1         33              3.5684     10.9292          
4        still         5    1        51    1         44              5.1722     9.8604           
4        still         6    1        31    1         22              3.1431     9.8629           
4        still         7    1        21    1         11              2.1852     9.6103           
4        still         8    1        15    1         11              1.4372     10.4373          
4        still         9    1        12    1         11              1.0341     11.6047          
4        still         10   1        38    1         33              3.6973     10.2777          
4        still         11   1        32    1         22              3.4005     9.4104           
4        still         12   1        65    1         55              6.4686     10.0486          
4        still         13   1        48    1         44              4.5730     10.4964          
4        still         14   1        27    1         22              2.6061     10.3601          
4        still         15   1        31    1         22              3.4118     9.0861           
4        still         16   1        31    1         22              3.1380     9.8788           
4        still         17   1        28    1         22              2.7403     10.2180          
4        still         18   1        38    1         33              3.4313     11.0746          
4        still         19   1        41    1         33              3.9767     10.3100          
4        still         20   1        47    1         44              4.4885     10.4712          
4        still         21   1        33    1         33              3.1625     10.4348          
4        still         22   1        25    1         22              2.4027     10.4051          
4        still         23   1        41    1         33              4.0984     10.0040          
4        still         24   1        37    1         33              3.5249     10.4966          
4        still         25   1        38    1         33              3.8109     9.9713           
4        still         26   1        43    1         33              4.4709     9.6178           
4        still         27   1        31    1         22              2.8739     10.7867          
4        still         28   1        11    1         11              1.0608     10.3699          
4        still         29   1        48    1         44              4.7394     10.1279          
4        still         30   1        24    1         22              2.2645     10.5984          
4        still         31   1        48    1         44              4.5705     10.5021          
4        still         32   1        47    1         44              4.5395     10.3536          
4        still         33   1        45    1         44              4.3303     10.3918          
4        still         34   1        35    1         33              3.4286     10.2083          
4        still         35   1        35    1         33              3.2964     10.6175          
4        still         36   1        21    1         11              1.9148     10.9670          
4        still         37   1        29    1         22              2.7947     10.3767          
4        still         38   1        19    1         11              1.7645     10.7679          
4        still         39   1        17    1         11              1.7150     9.9126           
4        still         40   1        14    1         11              1.3163     10.6362          
4        still         41   1        48    1         44              4.5559     10.5359          
4        still         42   1        54    1         44              5.3036     10.1817          
4        still         43   1        47    1         44              4.6362     10.1376          
4        still         44   1        21    1         11              1.9937     10.5329          
4        still         45   1        8     1         0               0.7166     11.1643          
4        still         46   1        41    1         33              4.1356     9.9139           
4        still         47   1        34    1         33              3.2793     10.3681          
4        still         48   1        51    1         44              4.9971     10.2060          
4        still         49   1        29    1         22              2.8629     10.1296          
4        still         50   1        19    1         11              1.8767     10.1242          
4        still         51   1        22    1         22              2.0458     10.7539          
4        still         52   1        62    1         55              6.2198     9.9682           
4        still         53   1        11    1         11              1.1278     9.7533           
4        still         54   1        39    1         33              3.7556     10.3845          
4        still         55   1        54    1         44              5.4869     9.8416           
4        still         56   1        47    1         44              4.6481     10.1117          
4        still         57   1        46    1         44              4.3395     10.6004          
4        still         58   1        26    1         22              2.5898     10.0394          
4        still         59   1        49    1         44              4.9766     9.8460           
4        still         60   1        31    1         22              3.0421     10.1903          
4        still         61   1        21    1         11              2.0946     10.0256          
4        still         62   1        32    1         22              3.2242     9.9250           
4        still         63   1        7     1         0               0.7109     9.8471           
4        still         64   1        22    1         22              2.2145     9.9347           
4        still         65   1        31    1         22              2.4985     12.4073          
4        still         66   1        29    1         22              2.7237     10.6473          
4        still         67   1        41    1         33              4.0437     10.1393          
4        still         68   1        42    1         33              3.9800     10.5527          
4        still         69   1        48    1         44              4.6664     10.2862          
4        still         70   1        53    1         44              4.7701     11.1109          
4        still         71   1        42    1         33              3.8155     11.0077          
4        still         72   1        28    1         22              2.6967     10.3829          
4        still         73   1        16    1         11              1.5014     10.6569          
4        still         74   1        25    1         22              2.3786     10.5103          
4        still         75   1        27    1         22              2.6237     10.2909          
4        still         76   1        54    1         44              5.0529     10.6869          
4        still         77   1        37    1         33              3.5152     10.5258          
4        still         78   1        27    1         22              2.5181     10.7225          
4        still         79   1        27    1         22              2.6651     10.1310          
4        still         80   1        27    1         22              2.5008     10.7967          
4        still         81   1        51    1         44              5.2324     9.7470           
4        still         82   1        49    1         44              4.5578     10.7508          
4        still         83   1        27    1         22              2.5519     10.5805          
4        still         84   1        41    1         33              3.9487     10.3831          
4        still         85   1        4     1         0               0.4585     8.7242           
4        still         86   1        41    1         33              3.9692     10.3297          
4        still         87   1        41    1         33              3.8623     10.6154          
4        still         88   1        31    1         22              2.9711     10.4339          
4        still         89   1        11    1         11              1.1355     9.6873           
4        still         90   1        58    1         55              5.7108     10.1561          
4        still         91   1        31    1         22              2.6982     11.4891          
4        still         92   1        3     1         0               0.2745     10.9293          
4        still         93   1        18    1         11              1.6564     10.8670          
4        still         94   1        18    1         11              1.7503     10.2838          
4        still         95   1        33    1         33              3.3395     9.8818           
4        still         96   1        51    1         44              4.9693     10.2630          
4        still         97   1        53    1         44              5.0271     10.5429          
4        still         98   1        36    1         33              3.6286     9.9213           
4        still         99   1        11    1         11              1.1292     9.7413           
4        still         100  1        25    1         22              2.4511     10.1997          
4        random        1    1        38    1         33              3.3493     11.3457          
4        random        2    1        12    1         11              1.1678     10.2757          
4        random        3    1        52    1         44              5.1381     10.1206          
4        random        4    1        59    1         66              5.4540     10.8178          
4        random        5    1        54    1         44              5.5359     9.7544           
4        random        6    1        31    1         44              3.1248     9.9207           
4        random        7    1        13    1         44              1.2814     10.1451          
4        random        8    1        21    1         11              1.9727     10.6453          
4        random        9    1        13    1         33              1.1566     11.2403          
4        random        10   1        41    1         33              4.0322     10.1681          
4        random        11   1        48    1         66              5.0381     9.5275           
4        random        12   1        63    1         66              6.2234     10.1230          
4        random        13   1        43    1         33              3.9292     10.9437          
4        random        14   1        41    1         66              3.9572     10.3609          
4        random        15   1        36    1         55              3.5732     10.0750          
4        random        16   1        42    1         44              4.2528     9.8759           
4        random        17   1        33    1         33              3.0901     10.6793          
4        random        18   1        45    1         88              3.8487     11.6921          
4        random        19   1        53    1         55              5.1743     10.2430          
4        random        20   1        47    1         44              4.2511     11.0561          
4        random        21   1        38    1         33              3.6375     10.4468          
4        random        22   1        39    1         33              3.8174     10.2163          
4        random        23   1        38    1         33              3.6355     10.4525          
4        random        24   1        38    1         33              3.5528     10.6959          
4        random        25   1        37    1         33              3.7573     9.8475           
4        random        26   1        46    1         44              4.6162     9.9649           
4        random        27   1        21    1         11              2.0110     10.4427          
4        random        28   1        17    1         33              1.6533     10.2823          
4        random        29   1        43    1         33              4.2353     10.1527          
4        random        30   1        34    1         44              3.3757     10.0718          
4        random        31   1        57    1         66              5.3485     10.6573          
4        random        32   1        58    1         55              5.8479     9.9181           
4        random        33   1        51    1         44              4.9744     10.2524          
4        random        34   1        37    1         33              3.6515     10.1328          
4        random        35   1        37    1         33              3.5524     10.4156          
4        random        36   1        27    1         55              2.5530     10.5758          
4        random        37   1        33    1         33              3.1575     10.4514          
4        random        38   1        24    1         44              2.3048     10.4131          
4        random        39   1        15    1         44              1.4952     10.0320          
4        random        40   1        16    1         11              1.5048     10.6325          
4        random        41   1        53    1         66              5.0538     10.4871          
4        random        42   1        47    1         55              4.4837     10.4824          
4        random        43   1        57    1         66              5.5021     10.3597          
4        random        44   1        28    1         22              2.7478     10.1898          
4        random        45   1        8     1         0               0.6444     12.4151          
4        random        46   1        42    1         44              4.0487     10.3736          
4        random        47   1        26    1         55              2.4426     10.6443          
4        random        48   1        33    1         44              3.1448     10.4934          
4        random        49   1        34    1         33              3.4047     9.9863           
4        random        50   1        19    1         11              1.9436     9.7759           
4        random        51   1        21    1         11              1.9065     11.0148          
4        random        52   1        52    1         66              5.1687     10.0606          
4        random        53   1        13    1         11              1.3192     9.8547           
4        random        54   1        44    1         44              4.3366     10.1461          
4        random        55   1        56    1         66              5.8002     9.6548           
4        random        56   1        41    1         44              4.0016     10.2459          
4        random        57   1        38    1         33              3.6560     10.3938          
4        random        58   1        24    1         22              2.4259     9.8932           
4        random        59   1        51    1         44              5.4805     9.3057           
4        random        60   1        34    1         44              3.3145     10.2580          
4        random        61   1        19    1         11              1.8768     10.1238          
4        random        62   1        37    1         44              3.9282     9.4192           
4        random        63   1        11    1         44              1.2169     9.0397           
4        random        64   1        18    1         11              1.7393     10.3490          
4        random        65   1        33    1         33              2.8383     11.6268          
4        random        66   1        26    1         33              2.4714     10.5206          
4        random        67   1        41    1         33              4.2529     9.6405           
4        random        68   1        41    1         66              3.9457     10.3910          
4        random        69   1        36    1         33              3.6019     9.9948           
4        random        70   1        58    1         55              5.4458     10.6503          
4        random        71   1        46    1         44              4.0495     11.3596          
4        random        72   1        34    1         33              3.3759     10.0715          
4        random        73   1        18    1         33              1.7198     10.4666          
4        random        74   1        47    1         55              4.7124     9.9736           
4        random        75   1        32    1         22              3.1173     10.2654          
4        random        76   1        54    1         44              5.3371     10.1178          
4        random        77   1        53    1         77              5.2053     10.1819          
4        random        78   1        31    1         33              2.8814     10.7588          
4        random        79   1        24    1         22              2.4306     9.8742           
4        random        80   1        31    1         33              3.0528     10.1548          
4        random        81   1        53    1         55              5.6129     9.4425           
4        random        82   1        41    1         55              3.8679     10.6002          
4        random        83   1        25    1         55              2.4253     10.3082          
4        random        84   1        42    1         44              4.0525     10.3639          
4        random        85   1        8     1         11              0.8121     9.8506           
4        random        86   1        42    1         33              4.0894     10.2704          
4        random        87   1        37    1         44              3.5272     10.4900          
4        random        88   1        25    1         44              2.4279     10.2969          
4        random        89   1        17    1         33              1.6508     10.2982          
4        random        90   1        51    1         55              4.8785     10.4540          
4        random        91   1        42    1         55              3.8254     10.9793          
4        random        92   1        22    1         66              2.2722     9.6824           
4        random        93   1        22    1         22              2.2198     9.9107           
4        random        94   1        21    1         11              2.0388     10.3004          
4        random        95   1        41    1         55              4.1290     9.9297           
4        random        96   1        52    1         66              5.1568     10.0837          
4        random        97   1        51    1         66              4.8079     10.6077          
4        random        98   1        38    1         33              3.8754     9.8054           
4        random        99   1        13    1         55              1.3566     9.5827           
4        random        100  1        39    1         44              4.0116     9.7217           
4        linear        1    1        112   1         121             10.2201    10.9588          
4        linear        2    1        86    1         77              7.5238     11.4304          
4        linear        3    1        86    1         77              8.2485     10.4262          
4        linear        4    1        118   1         110             10.5353    11.2005          
4        linear        5    1        81    1         77              7.1710     11.2954          
4        linear        6    1        28    1         22              2.7269     10.2682          
4        linear        7    1        7     1         0               0.6506     10.7594          
4        linear        8    1        87    1         77              7.6235     11.4121          
4        linear        9    1        78    1         77              6.6873     11.6639          
4        linear        10   1        101   1         99              9.9399     10.1611          
4        linear        11   1        31    1         22              2.7169     11.4100          
4        linear        12   1        39    1         77              3.8076     10.2427          
4        linear        13   1        102   1         99              9.3463     10.9134          
4        linear        14   1        102   1         99              9.8600     10.3448          
4        linear        15   1        97    1         88              9.3629     10.3600          
4        linear        16   1        85    1         264             7.6981     11.0417          
4        linear        17   1        91    1         88              7.8405     11.6064          
4        linear        18   1        102   1         110             9.0297     11.2961          
4        linear        19   1        118   1         110             11.7303    10.0594          
4        linear        20   1        111   1         110             9.7429     11.3929          
4        linear        21   1        94    1         110             8.8647     10.6038          
4        linear        22   1        105   1         253             9.8254     10.6866          
4        linear        23   1        111   1         264             10.6782    10.3950          
4        linear        24   1        95    1         88              8.7993     10.7963          
4        linear        25   1        114   1         110             11.3874    10.0111          
4        linear        26   1        25    1         22              2.4228     10.3187          
4        linear        27   1        97    1         88              9.1087     10.6492          
4        linear        28   1        11    1         11              1.0488     10.4883          
4        linear        29   1        84    1         77              7.8731     10.6692          
4        linear        30   1        93    1         88              8.8223     10.5414          
4        linear        31   1        103   1         264             9.8186     10.4902          
4        linear        32   1        88    1         264             8.2576     10.6569          
4        linear        33   1        111   1         110             9.8765     11.2387          
4        linear        34   1        85    1         77              8.1697     10.4043          
4        linear        35   1        87    1         77              7.5878     11.4658          
4        linear        36   1        91    1         121             8.5658     10.6236          
4        linear        37   1        88    1         88              8.5213     10.3271          
4        linear        38   1        96    1         99              8.4560     11.3529          
4        linear        39   1        84    1         99              7.5591     11.1124          
4        linear        40   1        77    1         77              7.0223     10.9650          
4        linear        41   1        106   1         99              10.1410    10.4526          
4        linear        42   1        108   1         99              10.4450    10.3399          
4        linear        43   1        109   1         99              9.7879     11.1362          
4        linear        44   1        92    1         88              8.8673     10.3752          
4        linear        45   1        87    1         77              7.8460     11.0884          
4        linear        46   1        93    1         275             8.8119     10.5539          
4        linear        47   1        95    1         88              8.2087     11.5731          
4        linear        48   1        95    1         88              9.0999     10.4397          
4        linear        49   1        85    1         110             7.7598     10.9540          
4        linear        50   1        99    1         99              9.0010     10.9988          
4        linear        51   1        89    1         88              8.6906     10.2409          
4        linear        52   1        37    1         33              3.6398     10.1655          
4        linear        53   1        88    1         88              8.6405     10.1846          
4        linear        54   1        94    1         88              8.5916     10.9409          
4        linear        55   1        99    1         99              9.2529     10.6994          
4        linear        56   1        92    1         88              8.5351     10.7790          
4        linear        57   1        99    1         110             8.7835     11.2712          
4        linear        58   1        95    1         88              8.9885     10.5691          
4        linear        59   1        61    1         55              5.8032     10.5114          
4        linear        60   1        121   1         121             12.0314    10.0570          
4        linear        61   1        12    1         11              1.1800     10.1695          
4        linear        62   1        55    1         55              5.1991     10.5788          
4        linear        63   1        5     1         0               0.4816     10.3817          
4        linear        64   1        94    1         88              8.2873     11.3426          
4        linear        65   1        97    1         88              8.5956     11.2849          
4        linear        66   1        87    1         77              7.6551     11.3650          
4        linear        67   1        104   1         99              9.9559     10.4460          
4        linear        68   1        103   1         121             9.4386     10.9126          
4        linear        69   1        101   1         99              9.5614     10.5633          
4        linear        70   1        88    1         110             7.4940     11.7427          
4        linear        71   1        99    1         99              8.5859     11.5305          
4        linear        72   1        91    1         99              8.4896     10.7190          
4        linear        73   1        88    1         88              7.8317     11.2364          
4        linear        74   1        96    1         88              9.1966     10.4387          
4        linear        75   1        112   1         110             10.7983    10.3720          
4        linear        76   1        108   1         99              10.4229    10.3618          
4        linear        77   1        61    1         55              5.6876     10.7250          
4        linear        78   1        106   1         99              9.9653     10.6369          
4        linear        79   1        104   1         121             10.1852    10.2109          
4        linear        80   1        87    1         77              7.9350     10.9641          
4        linear        81   1        27    1         22              2.7038     9.9860           
4        linear        82   1        71    1         66              6.5909     10.7724          
4        linear        83   1        93    1         253             8.6318     10.7741          
4        linear        84   1        102   1         99              9.4283     10.8185          
4        linear        85   1        21    1         11              2.1378     9.8232           
4        linear        86   1        91    1         88              8.6964     10.4641          
4        linear        87   1        95    1         88              8.8129     10.7797          
4        linear        88   1        21    1         11              1.7920     11.7187          
4        linear        89   1        87    1         77              7.7177     11.2728          
4        linear        90   1        101   1         99              9.9097     10.1921          
4        linear        91   1        104   1         99              9.1054     11.4218          
4        linear        92   1        4     1         0               0.3688     10.8453          
4        linear        93   1        84    1         99              7.5171     11.1746          
4        linear        94   1        96    1         88              9.5588     10.0431          
4        linear        95   1        85    1         77              8.5002     9.9998           
4        linear        96   1        97    1         88              9.7935     9.9045           
4        linear        97   1        111   1         110             10.4508    10.6212          
4        linear        98   1        21    1         11              1.9260     10.9035          
4        linear        99   1        6     1         11              0.6266     9.5757           
4        linear        100  1        15    1         11              1.4708     10.1986          
4        linear\_smart 1    1        112   1         121             10.2357    10.9421          
4        linear\_smart 2    1        86    1         77              7.5159     11.4424          
4        linear\_smart 3    1        86    1         121             8.5418     10.0682          
4        linear\_smart 4    1        118   1         110             10.4416    11.3010          
4        linear\_smart 5    1        81    1         88              7.2987     11.0979          
4        linear\_smart 6    1        28    1         22              2.7106     10.3298          
4        linear\_smart 7    1        7     1         11              0.6185     11.3174          
4        linear\_smart 8    1        87    1         77              7.6269     11.4070          
4        linear\_smart 9    1        78    1         77              6.5696     11.8729          
4        linear\_smart 10   1        101   1         143             9.7381     10.3716          
4        linear\_smart 11   1        31    1         110             2.6946     11.5046          
4        linear\_smart 12   1        39    1         77              3.8187     10.2128          
4        linear\_smart 13   1        102   1         231             9.3632     10.8937          
4        linear\_smart 14   1        102   1         99              9.8580     10.3469          
4        linear\_smart 15   1        97    1         88              9.3807     10.3404          
4        linear\_smart 16   1        85    1         407             7.7448     10.9751          
4        linear\_smart 17   1        91    1         88              7.8425     11.6034          
4        linear\_smart 18   1        102   1         110             8.9790     11.3598          
4        linear\_smart 19   1        118   1         110             11.4829    10.2762          
4        linear\_smart 20   1        111   1         110             9.6672     11.4821          
4        linear\_smart 21   1        94    1         110             8.7886     10.6957          
4        linear\_smart 22   1        105   1         253             9.8002     10.7141          
4        linear\_smart 23   1        111   1         264             10.6139    10.4579          
4        linear\_smart 24   1        95    1         99              8.8461     10.7392          
4        linear\_smart 25   1        114   1         110             11.3440    10.0493          
4        linear\_smart 26   1        25    1         22              2.4405     10.2437          
4        linear\_smart 27   1        97    1         88              9.1758     10.5713          
4        linear\_smart 28   1        12    1         77              1.1601     10.3439          
4        linear\_smart 29   1        84    1         77              7.8734     10.6688          
4        linear\_smart 30   1        93    1         88              8.7478     10.6312          
4        linear\_smart 31   1        103   1         264             9.7423     10.5725          
4        linear\_smart 32   1        88    1         264             8.2107     10.7177          
4        linear\_smart 33   1        111   1         110             9.8284     11.2938          
4        linear\_smart 34   1        85    1         341             8.0541     10.5537          
4        linear\_smart 35   1        87    1         77              7.4706     11.6457          
4        linear\_smart 36   1        91    1         121             8.2418     11.0413          
4        linear\_smart 37   1        88    1         88              8.4967     10.3570          
4        linear\_smart 38   1        96    1         99              8.4431     11.3703          
4        linear\_smart 39   1        84    1         99              7.5201     11.1701          
4        linear\_smart 40   1        78    1         77              7.1242     10.9486          
4        linear\_smart 41   1        106   1         264             10.1335    10.4604          
4        linear\_smart 42   1        108   1         99              10.3605    10.4242          
4        linear\_smart 43   1        109   1         99              9.7755     11.1503          
4        linear\_smart 44   1        92    1         253             8.9033     10.3333          
4        linear\_smart 45   1        87    1         77              7.7997     11.1542          
4        linear\_smart 46   1        93    1         99              8.7434     10.6366          
4        linear\_smart 47   1        95    1         88              8.1489     11.6581          
4        linear\_smart 48   1        95    1         99              8.9964     10.5597          
4        linear\_smart 49   1        85    1         132             7.6549     11.1040          
4        linear\_smart 50   1        99    1         99              8.9214     11.0969          
4        linear\_smart 51   1        89    1         88              8.3834     10.6163          
4        linear\_smart 52   1        37    1         33              3.6223     10.2145          
4        linear\_smart 53   1        88    1         88              8.4298     10.4391          
4        linear\_smart 54   1        94    1         231             8.9581     10.4933          
4        linear\_smart 55   1        99    1         121             9.1648     10.8022          
4        linear\_smart 56   1        92    1         88              8.7497     10.5147          
4        linear\_smart 57   1        99    1         121             8.8483     11.1886          
4        linear\_smart 58   1        95    1         88              9.0935     10.4470          
4        linear\_smart 59   1        61    1         77              5.8325     10.4586          
4        linear\_smart 60   1        121   1         396             12.0311    10.0572          
4        linear\_smart 61   1        12    1         77              1.1705     10.2521          
4        linear\_smart 62   1        62    1         55              5.9000     10.5086          
4        linear\_smart 63   1        5     1         0               0.4848     10.3128          
4        linear\_smart 64   1        94    1         132             8.2260     11.4272          
4        linear\_smart 65   1        97    1         88              8.3590     11.6043          
4        linear\_smart 66   1        87    1         77              7.4449     11.6859          
4        linear\_smart 67   1        104   1         99              9.9078     10.4968          
4        linear\_smart 68   1        103   1         121             9.3336     11.0354          
4        linear\_smart 69   1        101   1         121             9.5485     10.5776          
4        linear\_smart 70   1        88    1         110             7.4573     11.8005          
4        linear\_smart 71   1        99    1         99              8.6247     11.4787          
4        linear\_smart 72   1        91    1         99              8.4640     10.7514          
4        linear\_smart 73   1        88    1         143             7.8303     11.2384          
4        linear\_smart 74   1        96    1         88              9.1247     10.5209          
4        linear\_smart 75   1        112   1         110             10.7427    10.4257          
4        linear\_smart 76   1        108   1         99              10.2895    10.4961          
4        linear\_smart 77   1        61    1         55              5.6391     10.8174          
4        linear\_smart 78   1        106   1         99              9.8531     10.7580          
4        linear\_smart 79   1        104   1         121             9.9885     10.4120          
4        linear\_smart 80   1        87    1         77              7.9127     10.9950          
4        linear\_smart 81   1        27    1         22              2.6646     10.1328          
4        linear\_smart 82   1        71    1         66              6.5014     10.9207          
4        linear\_smart 83   1        93    1         275             8.6155     10.7945          
4        linear\_smart 84   1        102   1         99              9.3967     10.8548          
4        linear\_smart 85   1        21    1         11              2.1125     9.9407           
4        linear\_smart 86   1        91    1         88              8.5708     10.6175          
4        linear\_smart 87   1        95    1         110             8.7905     10.8072          
4        linear\_smart 88   1        21    1         11              1.7783     11.8089          
4        linear\_smart 89   1        87    1         77              7.4198     11.7253          
4        linear\_smart 90   1        101   1         99              9.8365     10.2679          
4        linear\_smart 91   1        104   1         110             9.0783     11.4559          
4        linear\_smart 92   1        4     1         0               0.3534     11.3181          
4        linear\_smart 93   1        84    1         99              7.3348     11.4522          
4        linear\_smart 94   1        96    1         88              9.0860     10.5657          
4        linear\_smart 95   1        85    1         77              7.7024     11.0355          
4        linear\_smart 96   1        97    1         88              9.2211     10.5193          
4        linear\_smart 97   1        111   1         110             10.4299    10.6424          
4        linear\_smart 98   1        21    1         11              1.9465     10.7886          
4        linear\_smart 99   1        6     1         11              0.6082     9.8654           
4        linear\_smart 100  1        15    1         11              1.4563     10.3000          
8        still         1    1        15    1         11              2.8028     5.3518           
8        still         2    1        18    1         11              3.6708     4.9036           
8        still         3    1        7     1         0               1.3652     5.1275           
8        still         4    1        9     1         0               1.6313     5.5172           
8        still         5    1        8     1         0               1.4377     5.5644           
8        still         6    1        17    1         11              3.2390     5.2486           
8        still         7    1        27    1         22              5.4065     4.9940           
8        still         8    1        7     1         0               1.3034     5.3706           
8        still         9    1        24    1         22              4.6902     5.1171           
8        still         10   1        28    1         22              5.4474     5.1401           
8        still         11   1        19    1         11              3.6261     5.2398           
8        still         12   1        15    1         11              2.9330     5.1142           
8        still         13   1        18    1         11              3.3753     5.3328           
8        still         14   1        7     1         0               1.3872     5.0463           
8        still         15   1        34    1         33              6.4381     5.2811           
8        still         16   1        11    1         11              2.1453     5.1274           
8        still         17   1        21    1         11              4.0164     5.2286           
8        still         18   1        37    1         33              7.0849     5.2224           
8        still         19   1        41    1         33              8.5177     4.8135           
8        still         20   1        25    1         22              4.8149     5.1922           
8        still         21   1        35    1         33              6.6180     5.2886           
8        still         22   1        39    1         33              7.7061     5.0609           
8        still         23   1        17    1         11              3.3041     5.1451           
8        still         24   1        31    1         22              5.9900     5.1753           
8        still         25   1        13    1         11              2.5364     5.1253           
8        still         26   1        31    1         22              6.0254     5.1449           
8        still         27   1        35    1         33              6.7185     5.2095           
8        still         28   1        42    1         33              8.2937     5.0641           
8        still         29   1        14    1         11              2.6708     5.2419           
8        still         30   1        22    1         22              4.4149     4.9831           
8        still         31   1        51    1         44              10.1639    5.0178           
8        still         32   1        17    1         11              3.2208     5.2782           
8        still         33   1        9     1         0               1.6413     5.4834           
8        still         34   1        24    1         22              4.6818     5.1263           
8        still         35   1        28    1         22              5.3797     5.2048           
8        still         36   1        36    1         33              6.9435     5.1847           
8        still         37   1        19    1         11              3.4959     5.4350           
8        still         38   1        21    1         11              4.2008     4.9991           
8        still         39   1        13    1         11              2.6258     4.9508           
8        still         40   1        33    1         33              6.2931     5.2439           
8        still         41   1        25    1         22              4.8098     5.1978           
8        still         42   1        19    1         11              3.6624     5.1879           
8        still         43   1        34    1         33              6.7411     5.0437           
8        still         44   1        23    1         22              4.6218     4.9764           
8        still         45   1        4     1         0               0.7631     5.2418           
8        still         46   1        23    1         22              4.6285     4.9692           
8        still         47   1        22    1         22              4.1883     5.2527           
8        still         48   1        16    1         11              3.1093     5.1459           
8        still         49   1        28    1         22              5.3283     5.2549           
8        still         50   1        21    1         11              4.0182     5.2262           
8        still         51   1        28    1         22              5.4330     5.1537           
8        still         52   1        18    1         11              3.4550     5.2098           
8        still         53   1        16    1         11              3.1647     5.0557           
8        still         54   1        15    1         11              2.8854     5.1986           
8        still         55   1        31    1         22              5.9070     5.2480           
8        still         56   1        9     1         0               1.6505     5.4528           
8        still         57   1        11    1         11              2.1871     5.0296           
8        still         58   1        29    1         22              5.6191     5.1610           
8        still         59   1        19    1         11              3.5878     5.2957           
8        still         60   1        25    1         22              4.8603     5.1437           
8        still         61   1        2     1         0               0.3548     5.6372           
8        still         62   1        35    1         33              6.8351     5.1206           
8        still         63   1        7     1         0               1.3909     5.0328           
8        still         64   1        8     1         0               1.4885     5.3746           
8        still         65   1        31    1         22              6.0736     5.1040           
8        still         66   1        38    1         33              7.6012     4.9992           
8        still         67   1        31    1         22              6.0771     5.1011           
8        still         68   1        37    1         33              7.1816     5.1520           
8        still         69   1        37    1         33              7.1787     5.1541           
8        still         70   1        19    1         11              3.7319     5.0912           
8        still         71   1        41    1         33              7.8480     5.2242           
8        still         72   1        12    1         11              2.4004     4.9992           
8        still         73   1        15    1         11              2.9147     5.1463           
8        still         74   1        32    1         22              5.9516     5.3767           
8        still         75   1        17    1         11              3.0989     5.4859           
8        still         76   1        51    1         44              9.7820     5.2137           
8        still         77   1        22    1         22              4.3731     5.0307           
8        still         78   1        27    1         22              5.1538     5.2389           
8        still         79   1        31    1         22              6.7996     4.5591           
8        still         80   1        31    1         22              5.8700     5.2811           
8        still         81   1        8     1         0               1.5203     5.2623           
8        still         82   1        21    1         11              3.9065     5.3757           
8        still         83   1        25    1         22              4.8841     5.1187           
8        still         84   1        19    1         11              3.5339     5.3765           
8        still         85   1        24    1         22              4.5844     5.2351           
8        still         86   1        43    1         33              8.2712     5.1987           
8        still         87   1        13    1         11              2.4508     5.3044           
8        still         88   1        7     1         0               1.3221     5.2944           
8        still         89   1        18    1         11              3.5792     5.0290           
8        still         90   1        23    1         22              4.3431     5.2958           
8        still         91   1        27    1         22              5.2709     5.1225           
8        still         92   1        31    1         22              6.0895     5.0908           
8        still         93   1        16    1         11              2.9997     5.3339           
8        still         94   1        15    1         11              3.0970     4.8434           
8        still         95   1        5     1         0               0.9468     5.2808           
8        still         96   1        31    1         22              6.1148     5.0697           
8        still         97   1        34    1         33              6.5589     5.1838           
8        still         98   1        34    1         33              7.0419     4.8283           
8        still         99   1        11    1         11              2.2284     4.9364           
8        still         100  1        44    1         44              8.9927     4.8929           
8        random        1    1        14    1         44              2.7410     5.1077           
8        random        2    1        19    1         22              3.8104     4.9863           
8        random        3    1        22    1         44              4.3605     5.0453           
8        random        4    1        11    1         44              2.1774     5.0518           
8        random        5    1        11    1         22              2.1926     5.0168           
8        random        6    1        23    1         22              4.6169     4.9817           
8        random        7    1        34    1         33              6.9140     4.9176           
8        random        8    1        13    1         11              2.6431     4.9185           
8        random        9    1        26    1         33              5.2170     4.9837           
8        random        10   1        35    1         44              6.9834     5.0119           
8        random        11   1        23    1         33              4.4897     5.1229           
8        random        12   1        17    1         33              3.3023     5.1479           
8        random        13   1        26    1         33              5.0410     5.1577           
8        random        14   1        11    1         22              2.2842     4.8156           
8        random        15   1        38    1         44              7.3938     5.1395           
8        random        16   1        14    1         44              2.6706     5.2423           
8        random        17   1        25    1         55              4.9702     5.0300           
8        random        18   1        41    1         55              7.8991     5.1905           
8        random        19   1        36    1         33              7.1273     5.0510           
8        random        20   1        28    1         33              5.2773     5.3058           
8        random        21   1        46    1         44              8.9414     5.1446           
8        random        22   1        44    1         44              8.8445     4.9749           
8        random        23   1        21    1         11              4.0740     5.1546           
8        random        24   1        32    1         22              6.2377     5.1301           
8        random        25   1        17    1         11              3.3320     5.1021           
8        random        26   1        27    1         33              5.2827     5.1110           
8        random        27   1        35    1         33              6.7964     5.1498           
8        random        28   1        52    1         55              10.2697    5.0634           
8        random        29   1        12    1         33              2.2926     5.2343           
8        random        30   1        21    1         11              4.0575     5.1756           
8        random        31   1        49    1         55              9.7676     5.0166           
8        random        32   1        33    1         44              6.4684     5.1018           
8        random        33   1        12    1         33              2.3560     5.0934           
8        random        34   1        28    1         44              5.4313     5.1553           
8        random        35   1        26    1         33              5.0513     5.1471           
8        random        36   1        41    1         44              8.0980     5.0630           
8        random        37   1        24    1         44              4.6057     5.2109           
8        random        38   1        19    1         11              3.7552     5.0597           
8        random        39   1        12    1         22              2.4142     4.9707           
8        random        40   1        49    1         55              9.5564     5.1275           
8        random        41   1        34    1         33              6.7073     5.0691           
8        random        42   1        25    1         22              5.0217     4.9784           
8        random        43   1        35    1         33              6.9351     5.0468           
8        random        44   1        25    1         55              5.0831     4.9182           
8        random        45   1        3     1         11              0.5828     5.1475           
8        random        46   1        17    1         22              3.3718     5.0418           
8        random        47   1        25    1         22              4.9341     5.0668           
8        random        48   1        31    1         33              6.1737     5.0213           
8        random        49   1        34    1         33              6.6485     5.1139           
8        random        50   1        31    1         33              6.1113     5.0725           
8        random        51   1        34    1         55              6.8813     4.9409           
8        random        52   1        17    1         11              3.2802     5.1827           
8        random        53   1        19    1         33              3.7184     5.1098           
8        random        54   1        17    1         22              3.2575     5.2187           
8        random        55   1        48    1         44              9.3583     5.1292           
8        random        56   1        15    1         11              2.9260     5.1264           
8        random        57   1        18    1         22              3.6090     4.9876           
8        random        58   1        32    1         22              6.3414     5.0462           
8        random        59   1        17    1         22              3.3151     5.1281           
8        random        60   1        21    1         11              4.2104     4.9877           
8        random        61   1        8     1         44              1.5475     5.1695           
8        random        62   1        42    1         55              8.1734     5.1386           
8        random        63   1        9     1         0               1.7941     5.0163           
8        random        64   1        12    1         11              2.3782     5.0459           
8        random        65   1        33    1         44              6.6033     4.9975           
8        random        66   1        43    1         33              8.4150     5.1099           
8        random        67   1        31    1         22              6.0283     5.1424           
8        random        68   1        43    1         33              8.8482     4.8597           
8        random        69   1        39    1         33              7.5610     5.1580           
8        random        70   1        21    1         11              4.1046     5.1163           
8        random        71   1        43    1         33              8.3522     5.1483           
8        random        72   1        12    1         11              2.4194     4.9599           
8        random        73   1        17    1         22              3.4560     4.9190           
8        random        74   1        32    1         22              6.0694     5.2724           
8        random        75   1        24    1         55              4.6029     5.2141           
8        random        76   1        41    1         44              7.8727     5.2079           
8        random        77   1        27    1         22              5.4448     4.9588           
8        random        78   1        32    1         22              6.1950     5.1655           
8        random        79   1        31    1         22              6.3200     4.9051           
8        random        80   1        31    1         33              5.9934     5.1723           
8        random        81   1        17    1         55              3.7671     4.5127           
8        random        82   1        21    1         11              3.9609     5.3019           
8        random        83   1        18    1         11              3.4336     5.2423           
8        random        84   1        18    1         22              3.5175     5.1173           
8        random        85   1        31    1         33              6.3000     4.9206           
8        random        86   1        46    1         55              9.0417     5.0875           
8        random        87   1        18    1         11              3.4125     5.2747           
8        random        88   1        11    1         11              2.1525     5.1103           
8        random        89   1        19    1         11              3.7531     5.0625           
8        random        90   1        18    1         22              3.4243     5.2565           
8        random        91   1        19    1         11              3.6830     5.1588           
8        random        92   1        27    1         33              5.4489     4.9551           
8        random        93   1        15    1         22              2.8455     5.2715           
8        random        94   1        25    1         22              5.2243     4.7853           
8        random        95   1        5     1         33              0.9536     5.2433           
8        random        96   1        26    1         55              5.1293     5.0690           
8        random        97   1        31    1         33              5.8981     5.2559           
8        random        98   1        34    1         33              6.7412     5.0436           
8        random        99   1        19    1         33              3.7941     5.0078           
8        random        100  1        53    1         44              11.2146    4.7260           
8        linear        1    1        77    1         77              15.1638    5.0779           
8        linear        2    1        88    1         99              17.6029    4.9992           
8        linear        3    1        46    1         110             9.4047     4.8912           
8        linear        4    1        84    1         88              16.5776    5.0671           
8        linear        5    1        83    1         77              16.3004    5.0919           
8        linear        6    1        35    1         33              6.6493     5.2637           
8        linear        7    1        16    1         11              3.0622     5.2249           
8        linear        8    1        5     1         11              0.9013     5.5473           
8        linear        9    1        85    1         110             16.1746    5.2551           
8        linear        10   1        21    1         11              4.0656     5.1653           
8        linear        11   1        87    1         77              17.0797    5.0938           
8        linear        12   1        11    1         11              2.2663     4.8538           
8        linear        13   1        88    1         88              17.1700    5.1252           
8        linear        14   1        5     1         11              0.9796     5.1039           
8        linear        15   1        32    1         22              5.9347     5.3920           
8        linear        16   1        9     1         0               1.7282     5.2078           
8        linear        17   1        13    1         11              2.6488     4.9079           
8        linear        18   1        41    1         33              7.7292     5.3046           
8        linear        19   1        39    1         77              7.6987     5.0658           
8        linear        20   1        36    1         33              6.9704     5.1647           
8        linear        21   1        29    1         22              5.4858     5.2864           
8        linear        22   1        26    1         22              5.0004     5.1996           
8        linear        23   1        95    1         99              18.3945    5.1646           
8        linear        24   1        26    1         22              5.2170     4.9837           
8        linear        25   1        11    1         11              2.1715     5.0657           
8        linear        26   1        27    1         44              5.1642     5.2283           
8        linear        27   1        21    1         11              3.8615     5.4383           
8        linear        28   1        41    1         33              8.0720     5.0793           
8        linear        29   1        35    1         33              6.9132     5.0628           
8        linear        30   1        23    1         55              4.4574     5.1599           
8        linear        31   1        48    1         44              9.3165     5.1521           
8        linear        32   1        89    1         88              16.7135    5.3250           
8        linear        33   1        7     1         33              1.2691     5.5157           
8        linear        34   1        21    1         11              4.1138     5.1047           
8        linear        35   1        16    1         11              3.0604     5.2281           
8        linear        36   1        35    1         55              6.7613     5.1765           
8        linear        37   1        93    1         286             17.6042    5.2828           
8        linear        38   1        16    1         11              3.2041     4.9936           
8        linear        39   1        86    1         77              15.7921    5.4458           
8        linear        40   1        84    1         77              15.5956    5.3861           
8        linear        41   1        93    1         88              18.4596    5.0380           
8        linear        42   1        19    1         11              3.6564     5.1964           
8        linear        43   1        21    1         11              3.9279     5.3464           
8        linear        44   1        38    1         33              7.5810     5.0125           
8        linear        45   1        11    1         22              2.1763     5.0544           
8        linear        46   1        39    1         33              7.7936     5.0041           
8        linear        47   1        21    1         11              3.9232     5.3528           
8        linear        48   1        81    1         77              16.0366    5.0509           
8        linear        49   1        26    1         22              4.9947     5.2056           
8        linear        50   1        86    1         99              16.7677    5.1289           
8        linear        51   1        27    1         22              5.5336     4.8793           
8        linear        52   1        41    1         33              7.7986     5.2573           
8        linear        53   1        86    1         77              16.5871    5.1848           
8        linear        54   1        15    1         11              2.8717     5.2234           
8        linear        55   1        36    1         33              7.1591     5.0285           
8        linear        56   1        28    1         22              5.3315     5.2518           
8        linear        57   1        8     1         0               1.5137     5.2850           
8        linear        58   1        24    1         22              4.6148     5.2006           
8        linear        59   1        53    1         44              10.7312    4.9389           
8        linear        60   1        31    1         22              5.9939     5.1719           
8        linear        61   1        11    1         11              2.1056     5.2242           
8        linear        62   1        102   1         99              20.5518    4.9631           
8        linear        63   1        9     1         0               1.7742     5.0726           
8        linear        64   1        8     1         0               1.5032     5.3219           
8        linear        65   1        31    1         22              6.0237     5.1463           
8        linear        66   1        103   1         99              20.6260    4.9937           
8        linear        67   1        19    1         11              3.7067     5.1258           
8        linear        68   1        77    1         77              13.9783    5.5085           
8        linear        69   1        24    1         44              4.6023     5.2148           
8        linear        70   1        36    1         33              7.0318     5.1196           
8        linear        71   1        44    1         44              8.6179     5.1057           
8        linear        72   1        28    1         22              5.4045     5.1808           
8        linear        73   1        16    1         88              3.1241     5.1214           
8        linear        74   1        48    1         44              9.1622     5.2389           
8        linear        75   1        15    1         11              2.8530     5.2575           
8        linear        76   1        29    1         22              5.5357     5.2387           
8        linear        77   1        22    1         22              4.3852     5.0169           
8        linear        78   1        44    1         77              8.4992     5.1770           
8        linear        79   1        17    1         11              3.3537     5.0691           
8        linear        80   1        31    1         22              6.0275     5.1431           
8        linear        81   1        5     1         0               0.9433     5.3004           
8        linear        82   1        13    1         11              2.5774     5.0439           
8        linear        83   1        27    1         22              5.1389     5.2541           
8        linear        84   1        12    1         11              2.2849     5.2518           
8        linear        85   1        14    1         11              2.6345     5.3140           
8        linear        86   1        103   1         99              20.5717    5.0069           
8        linear        87   1        94    1         88              18.1962    5.1659           
8        linear        88   1        34    1         33              6.5792     5.1678           
8        linear        89   1        89    1         110             17.2303    5.1653           
8        linear        90   1        85    1         88              16.3014    5.2143           
8        linear        91   1        34    1         33              6.6151     5.1398           
8        linear        92   1        19    1         11              3.6463     5.2108           
8        linear        93   1        91    1         88              17.7938    5.1141           
8        linear        94   1        22    1         22              4.5035     4.8851           
8        linear        95   1        34    1         33              6.4795     5.2473           
8        linear        96   1        32    1         22              6.2084     5.1543           
8        linear        97   1        94    1         88              18.0137    5.2182           
8        linear        98   1        35    1         33              6.6781     5.2410           
8        linear        99   1        35    1         33              6.8514     5.1084           
8        linear        100  1        32    1         22              6.1639     5.1915           
8        linear\_smart 1    1        78    1         88              14.9780    5.2076           
8        linear\_smart 2    1        88    1         99              17.4658    5.0384           
8        linear\_smart 3    1        46    1         110             9.1306     5.0380           
8        linear\_smart 4    1        84    1         88              16.5792    5.0666           
8        linear\_smart 5    1        83    1         88              16.3143    5.0876           
8        linear\_smart 6    1        35    1         55              7.1423     4.9004           
8        linear\_smart 7    1        16    1         11              3.2253     4.9608           
8        linear\_smart 8    1        5     1         11              0.9343     5.3513           
8        linear\_smart 9    1        85    1         110             16.8072    5.0574           
8        linear\_smart 10   1        21    1         11              4.2598     4.9298           
8        linear\_smart 11   1        87    1         77              16.5321    5.2625           
8        linear\_smart 12   1        12    1         11              2.4628     4.8724           
8        linear\_smart 13   1        88    1         99              16.9311    5.1975           
8        linear\_smart 14   1        5     1         11              0.9875     5.0631           
8        linear\_smart 15   1        32    1         22              5.9920     5.3404           
8        linear\_smart 16   1        9     1         0               1.7132     5.2533           
8        linear\_smart 17   1        13    1         11              2.5933     5.0129           
8        linear\_smart 18   1        41    1         33              7.7287     5.3049           
8        linear\_smart 19   1        39    1         77              7.7146     5.0553           
8        linear\_smart 20   1        36    1         55              6.8813     5.2315           
8        linear\_smart 21   1        29    1         22              5.4693     5.3023           
8        linear\_smart 22   1        26    1         22              5.0398     5.1590           
8        linear\_smart 23   1        95    1         99              18.2531    5.2046           
8        linear\_smart 24   1        26    1         22              5.2047     4.9954           
8        linear\_smart 25   1        11    1         11              2.1740     5.0599           
8        linear\_smart 26   1        27    1         44              5.1698     5.2227           
8        linear\_smart 27   1        21    1         11              3.9173     5.3609           
8        linear\_smart 28   1        41    1         33              8.0576     5.0884           
8        linear\_smart 29   1        35    1         33              7.1030     4.9275           
8        linear\_smart 30   1        23    1         55              4.4796     5.1344           
8        linear\_smart 31   1        48    1         44              9.2524     5.1879           
8        linear\_smart 32   1        89    1         99              17.0741    5.2126           
8        linear\_smart 33   1        7     1         33              1.2694     5.5145           
8        linear\_smart 34   1        21    1         11              4.1348     5.0788           
8        linear\_smart 35   1        16    1         11              3.0984     5.1640           
8        linear\_smart 36   1        35    1         55              6.6932     5.2292           
8        linear\_smart 37   1        93    1         110             17.6257    5.2764           
8        linear\_smart 38   1        16    1         11              3.0949     5.1698           
8        linear\_smart 39   1        86    1         77              15.7110    5.4739           
8        linear\_smart 40   1        84    1         110             15.6213    5.3773           
8        linear\_smart 41   1        93    1         121             18.3933    5.0562           
8        linear\_smart 42   1        19    1         11              3.6733     5.1724           
8        linear\_smart 43   1        21    1         11              3.9559     5.3086           
8        linear\_smart 44   1        38    1         33              7.5734     5.0175           
8        linear\_smart 45   1        11    1         22              2.1687     5.0723           
8        linear\_smart 46   1        39    1         33              7.8167     4.9893           
8        linear\_smart 47   1        21    1         11              3.9036     5.3797           
8        linear\_smart 48   1        81    1         77              15.9008    5.0941           
8        linear\_smart 49   1        26    1         22              5.0414     5.1573           
8        linear\_smart 50   1        86    1         99              16.5024    5.2113           
8        linear\_smart 51   1        27    1         22              5.3206     5.0746           
8        linear\_smart 52   1        41    1         33              7.7724     5.2750           
8        linear\_smart 53   1        86    1         77              16.5275    5.2035           
8        linear\_smart 54   1        15    1         11              2.8824     5.2040           
8        linear\_smart 55   1        36    1         33              7.1204     5.0559           
8        linear\_smart 56   1        28    1         22              5.3259     5.2573           
8        linear\_smart 57   1        8     1         0               1.5267     5.2400           
8        linear\_smart 58   1        24    1         22              4.6357     5.1772           
8        linear\_smart 59   1        53    1         44              10.3008    5.1452           
8        linear\_smart 60   1        31    1         22              5.9779     5.1858           
8        linear\_smart 61   1        12    1         11              2.2853     5.2509           
8        linear\_smart 62   1        102   1         110             20.3277    5.0178           
8        linear\_smart 63   1        9     1         0               1.7703     5.0838           
8        linear\_smart 64   1        8     1         0               1.5019     5.3266           
8        linear\_smart 65   1        31    1         22              6.0356     5.1362           
8        linear\_smart 66   1        103   1         253             20.8821    4.9324           
8        linear\_smart 67   1        19    1         11              3.6931     5.1447           
8        linear\_smart 68   1        86    1         99              15.3868    5.5892           
8        linear\_smart 69   1        24    1         44              4.6907     5.1166           
8        linear\_smart 70   1        36    1         33              7.0744     5.0888           
8        linear\_smart 71   1        44    1         44              8.6382     5.0937           
8        linear\_smart 72   1        28    1         22              5.5002     5.0907           
8        linear\_smart 73   1        16    1         88              3.2878     4.8665           
8        linear\_smart 74   1        48    1         44              9.3960     5.1085           
8        linear\_smart 75   1        15    1         11              2.8967     5.1784           
8        linear\_smart 76   1        29    1         22              5.7532     5.0407           
8        linear\_smart 77   1        22    1         22              4.5179     4.8695           
8        linear\_smart 78   1        44    1         77              8.7602     5.0227           
8        linear\_smart 79   1        17    1         11              3.5046     4.8507           
8        linear\_smart 80   1        31    1         22              6.3078     4.9145           
8        linear\_smart 81   1        5     1         0               0.9452     5.2897           
8        linear\_smart 82   1        13    1         11              2.5754     5.0478           
8        linear\_smart 83   1        27    1         22              5.1401     5.2528           
8        linear\_smart 84   1        12    1         77              2.2810     5.2608           
8        linear\_smart 85   1        14    1         11              2.7141     5.1583           
8        linear\_smart 86   1        103   1         99              20.6806    4.9805           
8        linear\_smart 87   1        94    1         99              18.2586    5.1483           
8        linear\_smart 88   1        34    1         33              6.6602     5.1049           
8        linear\_smart 89   1        89    1         231             17.0754    5.2122           
8        linear\_smart 90   1        85    1         88              16.9156    5.0250           
8        linear\_smart 91   1        34    1         33              6.6894     5.0827           
8        linear\_smart 92   1        19    1         11              3.6528     5.2015           
8        linear\_smart 93   1        91    1         99              18.1763    5.0065           
8        linear\_smart 94   1        22    1         33              4.5013     4.8875           
8        linear\_smart 95   1        34    1         77              6.5792     5.1678           
8        linear\_smart 96   1        32    1         22              6.7939     4.7101           
8        linear\_smart 97   1        94    1         99              20.1361    4.6682           
8        linear\_smart 98   1        35    1         33              7.7096     4.5398           
8        linear\_smart 99   1        35    1         33              8.0520     4.3468           
8        linear\_smart 100  1        32    1         22              7.0062     4.5674           
